pheno h0 se0 h1 se1 h2 se2 h3 se3 h4 se4 h5 se5 h6 se6 h7 se7 hge0 sege0 hge1 sege1 hge2 sege2 hge3 sege3 hge4 sege4 hge5 sege5 hge6 sege6 hge7 sege7 h2nxe h2nxe.se  h2gxe h2gxe.se h2g h2g.se
ala_at 0.0322853 0.00953946 0.0193381 0.0037619 0.00568201 0.00160634 0.00137984 0.000495088 0.00342218 0.000732879 0.0274417 0.00346335 0.0636407 0.00878877 0.0255836 0.00444493 0.0131216 0.00411801 -0.0050864 0.00245627 4.34893e-05 0.00102403 0.000241556 0.000320653 1.52501e-05 0.000647 0.00293596 0.00105202 -4.08252e-05 0.00100339 0.00119534 0.000554491 0.018667 0.00397445 0.0124259 0.00397317 0.178773 0.0140667
albumin 0.0420597 0.0076914 0.0236373 0.00452983 0.0078092 0.0018488 0.00125654 0.000530119 0.00521471 0.00105958 0.0362122 0.00522963 0.06361 0.00468023 0.0231398 0.00330765 -0.00313668 0.00439807 -0.00293851 0.00270052 0.00117796 0.00105398 -5.21614e-05 0.000266325 0.000344982 0.000689551 -0.000936861 0.00111771 0.00221453 0.00120846 0.000663508 0.000552162 0.010263 0.00448119 -0.00266324 0.00448182 0.202939 0.0174247
alcohol_freq 0.0190522 0.00388119 0.0185107 0.0031518 0.00576928 0.00117956 0.000416013 0.000357515 0.00231126 0.000593651 0.0192946 0.00180448 0.0377751 0.00218529 0.017771 0.0026865 0.0244441 0.00428673 0.0104204 0.00262929 0.000924494 0.000956744 -0.000287577 0.000309518 0.000388192 0.000620008 0.000927025 0.00109664 0.00192482 0.00124015 0.00194807 0.000569158 0.0084686 0.00406617 0.0406895 0.0040542 0.1209 0.00587561
alka_phos 0.0878702 0.0338306 0.0273513 0.0147991 0.0126526 0.00708998 0.00181767 0.00138785 0.010199 0.00521967 0.0606257 0.0128874 0.153451 0.0557205 0.0476936 0.0114589 0.00587088 0.00363793 0.00328184 0.00248996 0.000266241 0.000917454 3.04125e-05 0.000339469 -0.000517725 0.000625183 0.00231099 0.00120448 0.00192831 0.00125348 0.000528036 0.000539519 -0.00848719 0.00403037 0.013699 0.00404864 0.401661 0.0757721
apo_a 0.0446093 0.0077848 0.0376579 0.00729472 0.00898627 0.00224909 0.00290766 0.00153241 0.0161398 0.01093 0.0755696 0.0259345 0.103809 0.0179586 0.0359654 0.00555014 0.00156627 0.00490531 -0.00449532 0.00274143 -0.000557164 0.001231 -0.000244304 0.00035347 0.000129246 0.000648176 -0.00200034 0.00126003 3.75933e-05 0.00119033 0.00103097 0.000926613 0.0504746 0.00491919 -0.00453305 0.00491179 0.325645 0.0426336
asp_at 0.0315622 0.00420603 0.0216617 0.00380045 0.0054154 0.00153682 0.00234057 0.000541071 0.00379902 0.000911145 0.035735 0.00846923 0.0718565 0.00953292 0.0258199 0.00434203 0.0109567 0.00395661 -0.0071282 0.00239645 0.000174641 0.0011266 0.00043334 0.000295703 -0.000283968 0.000651923 0.00238523 0.00116985 0.00106478 0.00109753 0.00160535 0.000504515 0.0414033 0.00423809 0.00920784 0.00421237 0.19819 0.0167816
basal_metabolic 0.0637539 0.00699616 0.0577494 0.00488979 0.01405 0.002101 0.00415566 0.000702473 0.00662293 0.0012854 0.0618694 0.0047757 0.126797 0.00661441 0.061966 0.00859338 0.0382369 0.00483147 0.00715705 0.00269449 0.00136065 0.000987632 6.18174e-05 0.000323692 -6.21439e-05 0.000582097 0.00417046 0.00111239 0.00437637 0.00130311 0.000412793 0.000463605 -0.0151485 0.00463431 0.0557139 0.00460686 0.396965 0.0145256
blood_eosinophil 0.0359574 0.00638451 0.0398827 0.00674404 0.00935944 0.00243276 0.00122703 0.000763766 0.00929689 0.00228462 0.0508383 0.00725799 0.0901385 0.00721808 0.0404339 0.00968007 9.87258e-05 0.00369927 -0.00186152 0.00235383 -0.000435377 0.000830093 -0.000132929 0.000261095 0.000950218 0.000525506 0.000770136 0.0010145 -0.000468642 0.0010243 0.000759982 0.00059024 -0.00729974 0.00380179 -0.000319408 0.00377878 0.277134 0.0189561
blood_lymphocyte 0.0504675 0.00538618 0.0334698 0.00477651 0.00982242 0.00209276 0.00246866 0.000955192 0.00686077 0.00220437 0.0517964 0.00967269 0.0809906 0.00563595 0.0427274 0.00589922 0.00909743 0.00437856 0.00091496 0.00242322 0.00125782 0.000928239 -0.000320438 0.000297624 0.000492776 0.000590209 0.00103871 0.00111972 0.00268843 0.00118661 0.00105378 0.000513892 0.0145578 0.00455986 0.0162235 0.0045833 0.278603 0.0189406
blood_mch 0.0504436 0.00898582 0.0437082 0.00969194 0.00754943 0.0023337 0.00259765 0.00116061 0.00596467 0.00216445 0.0641731 0.0173403 0.112211 0.0180676 0.050521 0.00747499 0.0170828 0.00390945 -0.00191678 0.00239654 0.00020481 0.00101854 8.77365e-05 0.000308138 0.000178231 0.000715579 0.001598 0.00114218 0.00171611 0.00109794 0.000960698 0.000497317 0.0145239 0.00446134 0.0199116 0.00439491 0.337168 0.0373374
blood_monocyte 0.0535059 0.00885891 0.0354056 0.00723916 0.00524904 0.00177663 0.000991932 0.000619433 0.0113588 0.00352015 0.0632492 0.018636 0.0996208 0.0114825 0.0438718 0.00758213 0.0030874 0.00435778 0.00321397 0.00245168 0.000389892 0.000982296 2.57421e-05 0.000259486 0.000520934 0.000597433 -0.00129079 0.00119974 0.00253854 0.00105614 0.000271748 0.000560091 0.0314125 0.00463593 0.00875743 0.00463471 0.313253 0.0279279
blood_mpv 0.0726042 0.011847 0.0676612 0.0184583 0.0100388 0.00432013 0.00424117 0.00144781 0.0133196 0.00468418 0.0704633 0.0124374 0.194021 0.0320051 0.0635983 0.0116765 -0.000769719 0.00382639 -0.00262483 0.0023472 0.000570353 0.000930988 -0.000271334 0.000297466 4.31893e-05 0.000591482 -0.0009967 0.00118903 -1.49057e-05 0.00107367 0.000107332 0.000511139 0.00854611 0.00449329 -0.00395662 0.00437743 0.495948 0.0509439
blood_mscv 0.0637667 0.00821191 0.0487466 0.00820476 0.00968181 0.00391004 0.00153736 0.000644572 0.00642132 0.00161121 0.0557803 0.00953252 0.0858259 0.0107461 0.0409285 0.00816314 0.0130508 0.00477631 0.0107815 0.00259454 0.00134261 0.00103479 2.28107e-06 0.0003266 1.83264e-05 0.00061626 0.000834475 0.00103368 0.00115214 0.00120839 0.000759589 0.000599705 0.0136425 0.00534656 0.0279417 0.00530149 0.312688 0.0250621
blood_platelet_distrib_width 0.071062 0.0206133 0.0512385 0.0153657 0.0142729 0.00558921 -0.000374458 0.000602284 0.0108832 0.00438458 0.0429509 0.00653859 0.112157 0.0138302 0.0548977 0.00996852 0.0110414 0.00357904 -0.0029302 0.00222977 0.000951674 0.000976689 0.000268436 0.000311436 -5.40825e-05 0.000676014 0.000570918 0.00114278 -0.000144147 0.00122914 0.000553706 0.000558797 0.00582774 0.00431075 0.0102577 0.00430656 0.357088 0.0462516
blood_platelet 0.0742724 0.00999094 0.0639035 0.0150359 0.0127242 0.0032608 0.00192568 0.000781492 0.0102896 0.0028788 0.0660191 0.00974053 0.1316 0.0127396 0.0452744 0.0106296 0.00189848 0.00464073 -0.00126032 0.00262245 0.000376106 0.000925643 0.000303388 0.000309046 0.000479213 0.000574513 -0.00258889 0.00107341 0.00131551 0.00100192 7.02357e-05 0.000495153 0.0259235 0.00448916 0.000593725 0.00446847 0.406009 0.0314795
blood_rbc_count 0.0538669 0.00665567 0.0466486 0.00663619 0.00918838 0.00273705 0.00206252 0.000800972 0.0102494 0.00219112 0.0546171 0.005989 0.102854 0.0110038 0.0425032 0.00883056 -0.00397431 0.00467534 -0.00244164 0.00271607 0.000696317 0.00104427 -0.000352318 0.000300986 0.000314749 0.000662731 0.00185526 0.00120667 -0.000688904 0.00107467 0.00115799 0.000502835 0.0473068 0.00477811 -0.00343285 0.00472141 0.32199 0.024193
blood_rbc_distrib_width 0.0529996 0.00845765 0.0296475 0.00571967 0.00889631 0.00255443 0.000616689 0.000550188 0.00503095 0.00145525 0.052195 0.0104216 0.0859209 0.00929056 0.0437892 0.00684134 0.0103481 0.00403843 0.00349051 0.00235832 0.00100262 0.0010127 8.79104e-05 0.000264738 -0.00114358 0.000619905 0.001341 0.00106996 0.00229027 0.00100684 0.000568736 0.000483915 -0.0178993 0.00407244 0.0179856 0.00407955 0.279096 0.0238955
blood_reticulocyte 0.0454587 0.00669466 0.0376445 0.00708938 0.011889 0.00343897 0.00213007 0.000495176 0.00553622 0.00129813 0.0515691 0.0094925 0.0873326 0.00919908 0.0553821 0.00978309 0.00702742 0.00402786 0.00453091 0.00214424 -0.000575565 0.000791762 -0.000365748 0.000237922 0.000148885 0.000725827 0.00153306 0.00118179 0.00240568 0.000973872 7.56166e-05 0.000486269 -0.0256 0.00434935 0.0147803 0.0043477 0.296942 0.0213314
blood_wbc_count 0.0518934 0.00624502 0.0373526 0.00484392 0.00784326 0.00175707 0.00242717 0.00089693 0.00568463 0.00134344 0.0501108 0.0049174 0.082058 0.00472296 0.0429214 0.00581036 0.0275099 0.0042878 0.0133688 0.00229389 -0.000322239 0.000907781 9.32652e-05 0.000261129 0.000301039 0.000776299 0.00282047 0.00128519 0.00514229 0.0012477 0.00202565 0.000770382 -0.00747289 0.00422573 0.0509392 0.00420792 0.280291 0.0161979
bmd_heel_tscore 0.0614996 0.0136815 0.05868 0.0114062 0.0107595 0.0037978 0.00427505 0.00154981 0.0157087 0.0048149 0.0578074 0.00823217 0.142588 0.0167302 0.0658543 0.0113485 0.0039154 0.013501 -0.000235019 0.00842104 -0.00681982 0.00286946 -4.79026e-05 0.000819148 0.00195608 0.00187383 -0.00128421 0.00360131 0.00525246 0.00337895 -0.00224904 0.00147111 0.0274138 0.0142162 0.000487947 0.0141726 0.417172 0.0311848
bmi 0.0571247 0.00523762 0.046702 0.00526592 0.0123537 0.00277685 0.00377617 0.000694186 0.00678599 0.00109606 0.046245 0.00324083 0.106747 0.0072341 0.0514002 0.0130834 0.0380155 0.00492632 0.0109609 0.00257587 0.00220879 0.000918933 -0.000191251 0.000261833 0.000875103 0.000619915 0.00503433 0.00124992 0.00651881 0.0012063 0.00150948 0.000536471 -0.0273219 0.00442671 0.0649317 0.004468 0.331135 0.0106554
bp_diastolic 0.0381627 0.00466089 0.0270948 0.00370949 0.00627638 0.00151482 0.0014628 0.000377987 0.00432248 0.000903701 0.0285298 0.00242891 0.0618903 0.00286956 0.0322856 0.00352395 0.0010376 0.00359684 -0.000783938 0.0024303 0.00067372 0.00101246 0.000179672 0.000301194 -0.000287776 0.000542703 0.00256948 0.00107863 0.00140582 0.00124011 0.00112155 0.000506574 0.00823498 0.00423246 0.00591613 0.00419738 0.200025 0.00836989
bp_systolic 0.0414487 0.00431177 0.025689 0.00341181 0.00721174 0.00139855 0.000992512 0.000413488 0.00375077 0.000840861 0.0327223 0.00288449 0.0652363 0.00313748 0.035207 0.00310208 0.00188842 0.00356724 -0.00152885 0.00229052 -4.46794e-05 0.00088932 0.000619948 0.00032284 -0.000457206 0.000593059 0.00208091 0.000971414 0.00209576 0.00120122 0.00111308 0.000608333 0.00626946 0.00406911 0.00576738 0.00407442 0.212258 0.0080996
cholesterol 0.0261619 0.00745061 0.044071 0.016094 0.00298974 0.00140656 0.00103548 0.000447134 0.0043282 0.00226881 0.0469694 0.0224212 0.0485964 0.00676534 0.0232367 0.00424606 -0.00495352 0.004295 0.00225996 0.00254714 0.00129935 0.000951421 -0.00062898 0.000296 0.000469022 0.00054554 -0.000935007 0.000958464 0.000114086 0.00101083 7.33576e-05 0.000470433 0.0165821 0.00433085 -0.00230173 0.00430334 0.197389 0.036057
corneal_hysteresis 0.00197751 0.0164615 0.0334047 0.0120699 0.00782764 0.00512953 0.00212149 0.00151661 0.0133415 0.0031564 0.0621606 0.00833896 0.131744 0.0149194 0.0444905 0.00697975 0.0199676 0.0181694 0.00135624 0.00964876 0.004976 0.00475869 0.000813727 0.00117366 -0.00231835 0.00217121 -0.00176959 0.00549105 0.0046057 0.00442166 -0.00166059 0.00193146 -0.0123819 0.0203657 0.0259707 0.0203154 0.297068 0.028856
c_reactive_prot 0.0519425 0.0131415 0.0351975 0.00771333 0.00526599 0.0020031 0.00107857 0.000585686 0.00368162 0.00274033 0.0648465 0.0354817 0.0858326 0.0201866 0.0417137 0.00837166 0.00284911 0.00404548 0.00322408 0.00232966 0.001678 0.000980836 0.000544718 0.000354476 0.00039974 0.00056777 0.00100359 0.00107836 0.000352337 0.00112603 -7.41615e-05 0.000515115 -0.00126809 0.00430066 0.00997741 0.00428021 0.289559 0.0495177
creatinine 0.0447671 0.00610852 0.0408692 0.00533727 0.00986716 0.00196048 0.00217449 0.000744122 0.00811248 0.00190959 0.0493627 0.00491284 0.0882405 0.00531886 0.0427718 0.00795264 0.00557166 0.00485173 -0.000193874 0.00258329 -0.00160478 0.000882562 8.49516e-05 0.000306584 0.000935923 0.000539905 0.000322725 0.00112529 0.00194635 0.00108543 0.000216428 0.000508443 0.0200771 0.00499119 0.00727938 0.00496992 0.286166 0.0145779
creatinine_urine 0.0100101 0.00400484 0.0109647 0.00256391 0.0034326 0.00103173 0.000358629 0.000275969 0.00173453 0.000611329 0.0129106 0.00163682 0.0283119 0.0017203 0.0126857 0.00246827 -0.00210852 0.00386622 0.00198278 0.00242878 -3.69949e-05 0.000971037 9.56782e-05 0.000278977 0.0010481 0.000636252 -0.000200052 0.000921222 0.000839333 0.00110055 0.000752392 0.000447769 0.0291071 0.00366481 0.00237272 0.00367018 0.0804087 0.00491044
cystatin_c 0.0628798 0.0146316 0.0449171 0.0116204 0.0100214 0.00240184 0.00125643 0.00133998 0.00772861 0.00159303 0.0459582 0.00548651 0.0998448 0.0132548 0.0774744 0.0378414 0.00654091 0.00487873 0.00259837 0.00208972 -0.000213605 0.000868863 0.000155292 0.000249267 0.000131438 0.00060645 0.00142056 0.00108641 0.00350913 0.00107505 -0.000329989 0.000520172 -0.00166073 0.00483543 0.0138121 0.00472751 0.350081 0.0677246
fev1_fvc 0.047915 0.00555605 0.0369948 0.00443147 0.00803625 0.00160379 0.00177346 0.000482534 0.00483993 0.000788921 0.0410288 0.00347622 0.0894287 0.00658266 0.0376762 0.00538829 0.0181816 0.00431784 0.00550103 0.0025045 0.00130016 0.00098032 -0.000514939 0.000318064 0.000861732 0.000563133 0.000261758 0.00107758 0.00341316 0.00120909 0.00150023 0.000744886 -0.000739391 0.00447104 0.0305047 0.00444707 0.267693 0.0127689
fvc 0.064012 0.00595095 0.0432237 0.00468823 0.0123818 0.00217131 0.00322269 0.000667375 0.00580489 0.00111779 0.0513174 0.00403514 0.0940365 0.0049458 0.0480924 0.00937939 0.00668476 0.00452291 -0.0028551 0.0028311 0.000683973 0.00105364 -0.000511935 0.000250191 -0.00144146 0.00050774 0.00169139 0.00120961 0.00282611 0.00120731 0.000424581 0.000505626 0.0281553 0.00461903 0.00750232 0.00462045 0.322091 0.0132564
ggt 0.0661026 0.0146146 0.0336301 0.0067845 0.00754706 0.00210681 0.00196734 0.000601827 0.00608531 0.00285698 0.0865605 0.0393308 0.0871851 0.00826729 0.0377394 0.00724434 0.00552932 0.00413428 0.0032769 0.00227944 -0.000620136 0.000967118 -0.000136305 0.000272563 -0.000958215 0.000532068 0.00255156 0.00103678 0.00157771 0.00119424 0.00121929 0.000522371 -0.0206392 0.00411076 0.0124401 0.00408806 0.326817 0.0503487
glucose 0.0272807 0.00625276 0.0163836 0.00288794 0.00116222 0.00122486 0.00106072 0.000430131 0.00188328 0.000826246 0.0261661 0.00701631 0.0383756 0.0052596 0.0137966 0.00141452 0.0149524 0.00506774 0.00136055 0.00291103 0.000141485 0.00110975 -0.000343351 0.000336324 0.000380382 0.00062217 -0.000611912 0.00115818 -0.00143856 0.00105124 -0.000896577 0.000602839 0.00488154 0.0052135 0.0135444 0.00519253 0.126109 0.016584
hair_color 0.0740196 0.0340985 0.0265201 0.0113075 0.00270573 0.00223751 -0.000335708 0.000628187 0.0745021 0.06282 0.0212426 0.0168431 0.101512 0.0381362 0.0373932 0.0100923 0.00485289 0.00354391 0.000630944 0.00262613 0.000706039 0.000880022 5.35448e-05 0.000275197 0.000658369 0.000610131 0.00153132 0.00114327 6.9752e-05 0.00109584 0.000807052 0.000565691 0.00671269 0.00384883 0.00930991 0.00382321 0.337559 0.0996333
hba1c 0.0511992 0.00768858 0.0347766 0.00449796 0.00884067 0.00251679 0.00114376 0.000599003 0.00484961 0.00237065 0.0827511 0.0256661 0.0808906 0.00773685 0.0532527 0.00937377 0.00541077 0.00402722 0.00155781 0.00248666 0.00188807 0.000992458 0.00029893 0.000299328 -0.000320711 0.000636959 0.000490965 0.00130662 0.000663762 0.00103814 0.000577567 0.000495558 -0.0240486 0.00430182 0.0105672 0.00427222 0.317704 0.0282099
hdl 0.0485337 0.00978919 0.0428294 0.00846175 0.00862394 0.00220014 0.00222954 0.00106988 0.0149348 0.00893046 0.0925245 0.0402107 0.125926 0.0235793 0.0463234 0.00771612 0.00231315 0.00497641 -0.00191946 0.00278164 -0.00058856 0.00111455 -0.000443733 0.00032233 -0.000223833 0.000733086 -0.00115182 0.00142268 0.000457828 0.00122577 0.000383012 0.000725378 0.0414072 0.00479517 -0.00117341 0.00473519 0.381926 0.0572617
height 0.145599 0.013274 0.0941078 0.00809532 0.026352 0.0037845 0.00558995 0.0012977 0.014323 0.00296543 0.109463 0.0101647 0.19979 0.0114899 0.112121 0.0114246 0.00706289 0.00429188 -0.000239404 0.00244472 0.00127733 0.00093881 -0.000289266 0.000300736 -0.000868553 0.000452586 0.000856131 0.00109423 0.00102291 0.00102509 8.37537e-05 0.000478884 -0.0018231 0.00467664 0.0089058 0.00452233 0.707346 0.0340403
igf1 0.0464305 0.00804473 0.0406627 0.00516544 0.0105735 0.00231434 0.00229533 0.000697041 0.00720998 0.00144047 0.0507301 0.00559516 0.101347 0.0108475 0.0567633 0.00637439 0.00474514 0.00429178 0.000756924 0.00231603 0.000310988 0.00107326 -0.000264236 0.000241342 0.000218465 0.00060459 0.00253476 0.00121608 -0.00230613 0.00110527 0.00016659 0.000564278 0.00333172 0.00457443 0.0061625 0.00459084 0.316012 0.0201388
ldl 0.0185402 0.0105119 0.0522914 0.0245255 0.00245973 0.00153924 0.000697318 0.000345625 0.00130237 0.000846044 0.0568576 0.0334476 0.0403382 0.00719609 0.0191229 0.00488072 -0.00241708 0.00427175 0.000527423 0.0026276 0.00161492 0.00100337 -0.000126253 0.000320047 8.18707e-05 0.000514382 -0.00147293 0.000981778 -0.000513679 0.00109605 -0.000126836 0.000516964 0.0211788 0.00421344 -0.00243256 0.00418069 0.19161 0.0502635
microalbumin -0.00309063 0.0122556 0.000691665 0.00657426 0.00157839 0.00240429 -0.000906287 0.000691556 0.00028719 0.0017201 0.0139447 0.0032307 0.0135986 0.00352445 0.00829906 0.0021068 -0.000205098 0.010541 0.00139262 0.00784148 0.00345076 0.00268922 0.00111677 0.00082688 -0.000978182 0.00191106 0.00728604 0.0034169 -0.00480181 0.00321934 -0.00128162 0.00157547 0.00499311 0.0109566 0.00597946 0.0109695 0.0344027 0.012771
overall_health 0.0390158 0.00450086 0.0196038 0.00260419 0.00645728 0.00101263 0.000898876 0.000315054 0.00201085 0.000633094 0.0174084 0.00159447 0.0380928 0.00181632 0.0219392 0.00237939 0.0127414 0.00437952 0.00837898 0.00252211 0.000442732 0.00102625 -7.52621e-05 0.000259699 0.000231401 0.000592018 0.00238112 0.000985171 0.0015202 0.00106744 0.000748847 0.000564452 0.0187775 0.00401391 0.0263694 0.00402415 0.145427 0.00553872
phosphate 0.0409258 0.0055894 0.0167837 0.00383397 0.00607217 0.00160969 0.00179504 0.000512785 0.00329628 0.000897507 0.0267779 0.00465684 0.0623706 0.00874925 0.0190612 0.0028283 -0.00544665 0.00471215 -0.00515679 0.00262221 -0.0014606 0.00105141 -0.000389344 0.000292119 -2.07696e-05 0.000505964 0.00231887 0.00130662 1.27863e-05 0.00115172 0.000101784 0.000564063 0.0275443 0.00504313 -0.0100407 0.00503278 0.177083 0.0155026
potassium 0.00564477 0.00438234 0.00686999 0.00238369 0.0012904 0.000942602 0.000333787 0.00030656 0.00149776 0.000577483 0.00798389 0.0013531 0.0182625 0.00143293 0.00962946 0.00112536 0.0045634 0.00382383 -0.00126455 0.00238814 0.000194287 0.000934143 -0.000408313 0.00027757 0.00217244 0.00060424 0.00246834 0.00104173 0.000652495 0.00100317 0.000562612 0.00067968 0.0295851 0.00399858 0.00894071 0.00399299 0.0515126 0.00518815
shbg 0.0647167 0.0194116 0.0458453 0.00742839 0.0215903 0.0117396 -0.000271183 0.000779236 0.00697778 0.00223456 0.0518156 0.0087771 0.110695 0.0307448 0.0510287 0.0123573 0.0121581 0.00408033 0.00315366 0.00281948 -0.000442187 0.00108863 -0.000444062 0.000260312 9.93371e-05 0.000669664 0.00154896 0.00120703 0.000628473 0.00103276 7.81495e-05 0.000569355 -0.0184001 0.00426401 0.0167804 0.00426093 0.352398 0.068266
sodium 0.02151 0.0044379 0.014313 0.00266218 0.00236862 0.000917276 0.000992155 0.000327545 0.00236498 0.000666485 0.0142972 0.00142449 0.0290889 0.00180732 0.0165218 0.00230563 -0.000723918 0.00417113 -0.00342907 0.00249451 -0.000920093 0.000808871 3.07679e-05 0.000292506 0.00110134 0.000632731 0.00131951 0.000903588 -0.00027921 0.00109227 0.00041525 0.000503596 0.0262257 0.0047075 -0.00248542 0.00470849 0.101457 0.00457942
testosterone 0.0137753 0.00461379 0.00841165 0.00333055 0.0067887 0.00143929 0.000269597 0.000531477 0.00176853 0.000620104 0.0177612 0.00245503 0.0359988 0.00632392 0.0156817 0.0044959 -0.000408386 0.00469812 0.00352762 0.00320987 -0.000147725 0.00101879 0.000219797 0.000337057 0.000701976 0.000534913 -0.00015036 0.00125464 0.00157787 0.00122211 -2.65672e-05 0.000648457 0.0144493 0.00501493 0.00529423 0.00500031 0.100456 0.0113611
triglycerides 0.0500369 0.012219 0.0451142 0.0104348 0.00821235 0.00201124 0.000466729 0.000646355 0.0053531 0.00157978 0.0442149 0.00600027 0.0883505 0.0142546 0.0443398 0.0101162 0.00377743 0.00413562 0.000242556 0.00241285 0.00137594 0.00105859 -0.000453352 0.000262771 -0.000650743 0.000670122 0.000112283 0.00107085 0.00024544 0.0010953 -0.000494356 0.000545016 0.0198323 0.00437631 0.00415519 0.0043764 0.286088 0.0379132
urate 0.0507353 0.00771369 0.0334504 0.0105676 0.0229757 0.0126419 -0.000265979 0.00229151 0.00543411 0.000944648 0.0345736 0.00291155 0.0584201 0.0180336 0.0999346 0.0672297 0.00963503 0.00427146 0.00209505 0.00248812 -0.000792221 0.00082954 -0.000192439 0.000260514 0.000225174 0.000654685 0.00273162 0.00111618 0.000437665 0.00107962 0.00162315 0.000727696 0.00011859 0.00470699 0.015763 0.00475588 0.305258 0.0696233
urea 0.0251947 0.00442852 0.0225458 0.00439849 0.00276174 0.00135308 0.00163513 0.000539109 0.00617354 0.00150254 0.028862 0.00278005 0.0523173 0.00509277 0.0248376 0.00422288 0.0169136 0.00443288 0.00161415 0.00262982 0.000306985 0.00100663 3.17323e-06 0.000330125 0.000403573 0.00061495 0.00242324 0.00116299 6.1256e-05 0.00107769 -0.000256139 0.00054623 0.0366196 0.00444811 0.0214698 0.00446414 0.164328 0.0094087
vitamin_d 0.0332121 0.00552847 0.0246478 0.00882393 0.00644592 0.00400909 0.000707184 0.000444764 0.00351247 0.00104206 0.010597 0.00298967 0.047827 0.0144134 0.0180203 0.00506238 0.00500008 0.00498895 0.00441119 0.00244426 0.000853411 0.00113789 0.000356687 0.000368944 0.00110921 0.000609668 0.000156579 0.00115849 -0.00102655 0.00116642 0.000283223 0.000643999 0.0403296 0.0053133 0.0111438 0.0053 0.14497 0.0240744
whr 0.0345691 0.00409263 0.0337527 0.00391975 0.00763645 0.00169463 0.00239653 0.000461209 0.00472816 0.00107878 0.0363715 0.002846 0.070474 0.00355525 0.0304115 0.00681455 0.00167843 0.00387491 0.000629152 0.00216093 0.000129965 0.00083737 0.000172871 0.00030008 0.000492837 0.000619104 0.00159685 0.000937859 0.00130535 0.000948228 0.000202037 0.000413717 -0.00377639 0.00420948 0.00620749 0.00417867 0.22034 0.00800991
