0.0737183 0.0752849
0.0612682 0.0806561
0.0973739 0.0891259
0.0193344 0.0822717
0.121295 0.0960612
0.0169085 0.0868075
0.0567044 0.0788794
0.151818 0.103624
6.63607e-05 0.0855351
0.130782 0.0788285
0.0155817 0.0939795
0.0944113 0.103949
0.0130282 0.0784102
0.00362537 0.08416
0.114868 0.0770142
0.0507074 0.0797127
0.147957 0.0885158
0.0349139 0.0788001
-0.0177118 0.0783736
-0.0546096 0.0790077
0.141841 0.0779134
0.112099 0.0841278
-0.0108666 0.0842101
0.00153103 0.0896152
0.0493724 0.0804049
0.0755972 0.0768491
-0.0455847 0.0783042
-0.171583 0.0857033
-0.00627671 0.0859371
-0.0134682 0.0873938
-0.0680044 0.0880791
-0.143444 0.0787476
-0.0931345 0.0838899
-0.181539 0.0813394
0.0620246 0.0863018
-0.0446997 0.0823111
-0.00105279 0.0760571
0.0556148 0.0904809
0.0706258 0.0856539
0.0125092 0.0884666
0.06532 0.0844368
0.0619963 0.0910152
0.0102369 0.0828643
0.0563252 0.0740314
0.131926 0.0850189
0.0592449 0.0790582
-0.031546 0.0814409
-0.0421076 0.0875308
-0.0208473 0.087612
-0.0892579 0.0785006
0.155089 0.0797934
-0.0437497 0.0912995
-0.12208 0.0769043
0.0105732 0.0813925
-0.00256888 0.0846923
-0.128804 0.0749999
-0.0258686 0.0794224
0.207338 0.0775704
0.0410483 0.084389
0.0206775 0.0767008
-0.149178 0.0736924
0.0739857 0.0795326
-0.0417667 0.0792387
-0.0128619 0.0790368
-0.156425 0.069801
0.130537 0.0813968
0.0351034 0.0783662
0.102082 0.0800167
-0.0237396 0.0853543
-0.0523441 0.0682377
0.0144469 0.0826897
0.00598989 0.0883262
-0.0190477 0.0895691
-0.107735 0.0723247
-0.0320945 0.0811689
-0.127133 0.086696
-0.0476182 0.0911812
-0.137303 0.0789816
0.0633018 0.0778152
0.104385 0.0923564
-0.00302587 0.084241
0.0913243 0.0893805
-0.00942417 0.0770961
-0.0096213 0.0829407
0.0235365 0.0828103
0.00173956 0.0872947
0.122638 0.0851096
0.1929 0.0750827
-0.0651681 0.0795481
0.0732234 0.0901952
-0.184885 0.0766727
-0.0421703 0.063624
-0.0305565 0.077394
0.06977 0.0791066
0.00467418 0.0720846
0.0887865 0.0985718
0.132043 0.0874322
0.0293944 0.0834075
0.0220275 0.0824799
