0.0886652 0.0852659
0.0722093 0.0775942
0.0971811 0.0862119
0.0317548 0.0865376
0.108389 0.0907887
0.0429818 0.0789451
0.142947 0.0873566
-0.00797866 0.0830128
-0.0197945 0.102769
0.124189 0.0859657
-0.0116007 0.0820596
0.00587459 0.0786403
0.0757483 0.0984371
0.057273 0.0877856
0.0614838 0.0896133
0.0490671 0.0861689
0.129562 0.0823189
0.117416 0.085306
0.0762693 0.0774809
0.0438919 0.0875789
-0.0331637 0.0791809
0.0768687 0.0760097
-0.0659465 0.0857757
-0.125522 0.0746963
-0.03429 0.0777005
-0.119525 0.0783447
-0.0927338 0.0862849
-0.0966505 0.0824631
-0.119094 0.0759816
-0.101332 0.0811066
-0.050492 0.0749104
-0.0560403 0.0858883
0.0172448 0.080583
-0.133013 0.0793209
-0.00233312 0.0705954
0.0766167 0.0786794
-0.0648747 0.0830388
0.0489079 0.0841327
0.0576262 0.0893423
0.115995 0.07814
0.0858201 0.0878624
-0.0540654 0.0934154
-0.0212253 0.0826457
-0.123901 0.0840959
0.214188 0.0858217
0.035628 0.0797506
0.144748 0.081233
0.00161618 0.0840321
-0.0632276 0.08448
0.0391121 0.0789567
-0.0771297 0.082582
0.0674281 0.077227
-0.196178 0.0845609
-0.138711 0.072555
0.0175446 0.0776316
-0.0303562 0.077464
0.0109501 0.0903192
-0.0662389 0.0798451
-0.064806 0.0788454
0.0444326 0.0915454
0.00217836 0.0821427
-0.132511 0.0813989
0.11799 0.0864445
-0.173732 0.0840823
-0.0590003 0.0759387
-0.215209 0.0706756
-0.076211 0.07488
0.114793 0.089813
0.0581633 0.0887294
-0.0688595 0.0803809
-0.134953 0.0745547
-0.0563488 0.0806438
-0.0438785 0.078182
-0.0236564 0.0714784
-0.0183489 0.0718516
0.0546442 0.082525
-0.0330967 0.0850692
0.0379026 0.0852064
-0.012894 0.0800375
-0.0229908 0.0749703
0.0774831 0.0893545
0.0425128 0.0982794
0.0718881 0.0733334
-0.0171307 0.0802107
0.0720174 0.0892536
0.00567512 0.0737952
-0.0126734 0.0853994
0.166382 0.079906
-0.0384937 0.0884019
0.0341247 0.0822127
0.0364059 0.0765344
-0.0907247 0.0856198
-0.0539547 0.0764124
0.0164724 0.0700388
-0.0542108 0.0839453
0.0206586 0.0777768
0.147529 0.0857866
-0.0233608 0.075474
0.18286 0.0733473
-0.0863578 0.0890284
