0.0298546 0.0779862
-0.018605 0.0808244
0.0493572 0.0863368
-0.098074 0.0779032
-0.0512684 0.093522
-0.0376339 0.0783682
0.113715 0.080199
-0.0235539 0.087347
0.0635673 0.0993626
-0.0405774 0.0745409
-0.141015 0.0842064
0.130554 0.0814423
0.0896044 0.0908783
0.0500419 0.078765
0.081053 0.0793532
0.0984828 0.0868738
0.0154438 0.0766474
0.131967 0.0770591
0.0574184 0.0721417
0.0414417 0.0814499
-0.0968441 0.0850106
0.145093 0.082369
0.0866172 0.0767413
0.0243246 0.0892366
0.10012 0.0777555
0.0940761 0.0740913
0.00194308 0.0784375
-0.0398245 0.0788918
-0.160482 0.0841443
0.167692 0.0828004
-0.0248775 0.0781868
0.0657487 0.0790056
-0.0457196 0.0779466
-0.172571 0.0848369
0.08118 0.0787462
0.108011 0.095517
0.0623034 0.0811722
0.0803288 0.090076
0.147666 0.083046
0.166717 0.0901758
0.10881 0.0685847
0.00531087 0.0813032
0.0328863 0.0765218
-0.0235694 0.0845223
0.15773 0.0809082
0.0286631 0.0814913
0.0122846 0.0783501
-0.105939 0.0802497
-0.0490103 0.0703019
0.046081 0.070286
-0.0461864 0.0742928
0.0553675 0.0799149
-0.131196 0.0810505
-0.233212 0.0818896
-0.0592952 0.0753751
0.102029 0.0792786
0.0874722 0.0842063
0.000236959 0.0848019
-0.0608387 0.0696035
0.123117 0.0780433
0.0406744 0.0836445
0.000893286 0.0808952
0.0730598 0.0865369
-0.0250419 0.0772157
-0.10306 0.0716473
-0.18284 0.0760032
0.0178628 0.0858883
0.0257479 0.0871041
0.0945823 0.0783262
-0.090279 0.0786523
0.0412013 0.0875363
-0.0728234 0.0880071
-0.0576161 0.0781278
-0.0532878 0.0786212
0.0269345 0.078141
0.0340041 0.0845877
-0.0702317 0.0829811
0.0342635 0.089116
-0.0920107 0.0779866
-0.183256 0.0738214
-0.0368915 0.0822791
0.106561 0.0870145
-0.0230147 0.0913624
-0.108309 0.0839513
0.0138112 0.0843992
0.054491 0.0864043
-0.00179312 0.0913427
0.225332 0.0834514
0.0733129 0.0724772
0.0146618 0.0752957
0.0411585 0.087476
0.0192352 0.081841
-0.0159209 0.0745097
-0.0218671 0.0740734
-0.180759 0.0754299
0.104081 0.0741908
0.0294431 0.082974
-0.0105962 0.0899275
0.0540759 0.0673113
0.0703244 0.0845759
