0.10626 0.0931534
-0.173271 0.073672
0.0172788 0.0735044
-0.0245186 0.0884979
-0.217129 0.0769672
0.0634434 0.0789515
0.00972385 0.0777354
0.0906842 0.0739388
0.0412939 0.0815083
-0.107631 0.0816688
0.12946 0.0847493
-0.0836718 0.0775256
-0.100348 0.0796123
0.0475863 0.0748794
-0.0720258 0.0868195
0.0283367 0.0760586
-0.172165 0.09258
-0.0238568 0.0788028
-0.0492 0.0770735
-0.0435015 0.0800579
0.0960641 0.080075
-0.0576288 0.0827617
-0.0176072 0.0866845
0.0165457 0.0749929
-0.212328 0.0764983
0.033601 0.0838685
-0.0110783 0.0806001
-0.0147417 0.0783665
-0.00381508 0.0800996
-0.108813 0.0799976
0.00933355 0.0874658
-0.0451142 0.0809981
-0.0346558 0.0796879
-0.0884985 0.0706469
0.0532342 0.0777343
-0.0675474 0.0736684
-0.0698752 0.0806381
0.00484247 0.077175
-0.126615 0.0772633
-0.174523 0.0830669
-0.0530431 0.0826332
-0.160921 0.0840381
-0.0722566 0.0810932
-0.0995607 0.0803913
0.0215906 0.0782981
-0.0178576 0.0936991
-0.0377824 0.0715596
-0.0816954 0.0833052
-0.0150494 0.0770335
0.0206232 0.0768323
-0.0376031 0.0844849
-0.141295 0.0755423
0.078219 0.0862612
-0.0231024 0.0818481
0.0816369 0.080058
-0.14582 0.0732175
-0.147479 0.0902457
-0.0247551 0.0880104
0.0213574 0.0804307
-0.0894874 0.0841612
-0.123396 0.0843289
0.0605284 0.0862489
-0.082646 0.0671845
-0.0636065 0.0802049
0.014319 0.0847923
-0.0464251 0.0846303
-0.0212778 0.0719799
-0.0273067 0.084764
-0.0339296 0.0834536
-0.170211 0.0812265
0.145333 0.0829047
0.0747706 0.0810181
0.0231028 0.0802168
0.0122459 0.0806017
-0.0387351 0.0724663
-0.0168119 0.0947368
-0.0494709 0.0750595
0.00762397 0.0852522
0.0559303 0.0739905
0.0872484 0.0772205
0.139385 0.0864954
0.14307 0.0812822
0.0632021 0.0840241
-0.14165 0.0798888
-0.00680038 0.0856797
-0.00645492 0.0867309
-0.111294 0.0850994
0.0775223 0.0781612
-0.157987 0.0857814
-0.0535273 0.0836893
-0.0411149 0.0762641
-0.0564222 0.0893785
0.025726 0.0763016
0.012215 0.0819381
0.0494719 0.0953987
0.0274958 0.0786361
0.00199552 0.0792715
0.0782961 0.0773994
-0.0511226 0.0769138
