0.0103329 0.00125522
-0.00210339 0.00107379
0.00258823 0.000974525
0.00394796 0.00113792
-0.00650308 0.00117946
0.00103078 0.00117026
0.000315 0.00109906
0.00476851 0.00102956
-0.000575635 0.00120843
8.67286e-05 0.00109583
0.000746618 0.00131996
-0.00126235 0.00112892
-0.00761018 0.00112993
-0.00107082 0.00107477
-0.000581654 0.00120373
-0.00215637 0.00102464
-0.0057778 0.0011048
0.00216772 0.00109745
-0.00669401 0.00106063
-0.00150196 0.0011651
-0.00238481 0.00131437
0.00465901 0.00108535
0.0056122 0.00117
-0.00258671 0.00108542
-0.00857943 0.00107898
-0.00216185 0.00111263
0.00231132 0.00116061
-0.0041936 0.00111871
-0.00614853 0.00109652
-0.00520731 0.00120151
0.00595187 0.00129174
-0.00468471 0.00120229
0.00299742 0.00110584
-0.00115288 0.000934754
0.00123642 0.00112474
-0.004167 0.0010073
-0.00193505 0.000969634
0.0029924 0.00105836
-0.00647382 0.00100648
-0.00687831 0.0011282
-0.000170401 0.00118385
0.000888542 0.00128395
-0.000840702 0.00114123
0.00374964 0.00121522
0.00479342 0.0010543
0.00494709 0.00119237
-0.0010222 0.00116037
-0.00301138 0.00104696
0.00438306 0.00111341
-0.00271931 0.000923247
-0.00470413 0.00105587
0.00498616 0.00126686
0.000851923 0.001207
0.00918557 0.00119419
-0.00523466 0.00106527
0.000693673 0.00113287
-0.00776238 0.00126558
0.00326877 0.00107922
-0.00628544 0.00121462
0.000328848 0.00110282
0.00380701 0.00108355
-0.00760292 0.000847361
0.0046417 0.00116378
0.00745278 0.00123554
-0.00142624 0.00110133
-0.00147077 0.0011894
-0.00349831 0.00118819
0.00393286 0.0011277
0.00110432 0.00107997
0.00989539 0.00114486
0.00602093 0.00120234
-0.00201963 0.00109767
0.000201108 0.000961529
-0.00343268 0.0010779
0.00291351 0.00105486
0.00335604 0.00122257
-0.0015587 0.00107407
3.37363e-05 0.00111907
-0.000549515 0.00107286
-0.00555148 0.000950935
0.00668251 0.00114457
0.00137294 0.00120209
0.00133657 0.00108404
-0.00200285 0.00100638
-0.00163289 0.00124053
-0.000804773 0.00117319
0.00571582 0.00121244
0.00582416 0.00108494
-0.00209011 0.00115718
0.0053029 0.00109508
-0.00591519 0.00106095
-0.00229674 0.00111882
0.00786412 0.000997076
-0.000454733 0.00124217
0.00337561 0.00131542
-0.00111715 0.000993106
0.00149008 0.00109006
-0.00283473 0.0011051
0.00333317 0.00108914
