0.0472793 0.00116398
0.044663 0.00132915
0.045792 0.00133734
0.0432478 0.00118991
0.0434295 0.00148384
0.0393615 0.00117653
0.0471615 0.00132554
0.0413462 0.00142056
0.0451296 0.00142867
0.0487312 0.00141986
0.0502686 0.00157363
0.0507189 0.00138391
0.0344285 0.00133077
0.0411404 0.00124863
0.0455409 0.00129553
0.0380593 0.00137833
0.0457689 0.00125237
0.0430287 0.00128798
0.0462982 0.00116894
0.0380153 0.00131786
0.0431496 0.00135598
0.0455937 0.00111017
0.0518387 0.00138445
0.0458006 0.00120925
0.0483116 0.0012759
0.0430325 0.00136573
0.0448445 0.00121396
0.0394572 0.0012054
0.0361588 0.00126201
0.0455042 0.00125969
0.0395675 0.00135971
0.0487682 0.00115118
0.0408404 0.00124819
0.0414728 0.00142698
0.0404589 0.00137246
0.0473782 0.00141855
0.0488777 0.00137055
0.0403345 0.00143295
0.0492292 0.0013001
0.0484924 0.00124527
0.0383042 0.00126301
0.044631 0.0013648
0.0387656 0.0010596
0.0457084 0.00134241
0.0431743 0.00128883
0.032364 0.00118769
0.0424342 0.00142356
0.0386627 0.00137816
0.0429068 0.00130211
0.0456967 0.00121093
0.0387112 0.00143492
0.0426221 0.00136481
0.0402663 0.00129463
0.038312 0.00135686
0.0387022 0.0012464
0.05273 0.00137096
0.041156 0.00128082
0.0505134 0.00132875
0.038571 0.00111542
0.0489753 0.00138714
0.0429872 0.00133366
0.0424021 0.00128068
0.0496364 0.00143766
0.0521478 0.00129573
0.0406747 0.00140657
0.0314454 0.00129652
0.047361 0.00128076
0.0442334 0.00139377
0.0432458 0.00135217
0.040634 0.00142455
0.0387363 0.00128334
0.0497185 0.00146089
0.0462278 0.00120999
0.0380595 0.00141288
0.043936 0.00130573
0.0477226 0.00138408
0.0424691 0.00129778
0.0467722 0.00155013
0.0470875 0.00140486
0.0406752 0.00137624
0.0424466 0.00130516
0.0466038 0.00124656
0.0366137 0.00138532
0.0390249 0.00144585
0.0498433 0.00145782
0.0409928 0.00139618
0.0471841 0.00150034
0.0502927 0.00136598
0.0377827 0.00109596
0.0413988 0.00117351
0.0507711 0.00134123
0.0415218 0.00151996
0.0407687 0.00121649
0.0375779 0.00123899
0.0402506 0.00118369
0.0357176 0.00121001
0.0452641 0.00140565
0.0453129 0.00140811
0.0418891 0.0012023
0.0414573 0.00132288
