0.0136722 0.00119188
0.00882334 0.00117458
0.0104798 0.00116272
0.00852419 0.00127943
0.0100311 0.00121636
0.000481183 0.00117626
0.00723119 0.00107667
0.0121645 0.00135221
0.00410129 0.00113948
0.011608 0.00116068
0.0161537 0.00150665
0.00821017 0.00116379
0.00120724 0.00133796
0.0075377 0.00114956
0.00801101 0.00123604
0.00245284 0.0011889
0.00761928 0.00112766
0.00844232 0.00115675
0.0121794 0.00115189
0.00692041 0.00116136
0.00541649 0.00114741
0.0136339 0.00100949
0.0140646 0.00117881
0.0102479 0.00111352
0.0117375 0.0011712
0.00618503 0.00129557
0.00746035 0.00116677
0.00516987 0.00105812
-0.000436803 0.00108853
0.00635235 0.00114081
0.00854773 0.00118444
0.000451684 0.000984298
0.0101809 0.00112808
-0.000894582 0.00117089
0.0134629 0.00118715
0.0121742 0.00122238
0.0031368 0.00131411
0.00906635 0.00143799
0.0136876 0.00104886
0.0059955 0.00107345
0.0117787 0.00105238
0.00554817 0.00113288
0.0109744 0.00109663
0.00542335 0.00122389
0.00626056 0.00109618
0.0101215 0.00125627
0.00555138 0.00114609
0.00209805 0.00120513
0.00721052 0.00111343
0.00468791 0.00119725
0.0130452 0.00112206
0.00788359 0.00124784
0.000917873 0.00115833
0.00386275 0.00116281
0.0105866 0.00119326
0.0012875 0.00108687
0.00924868 0.00113467
0.0111279 0.00120997
0.00907314 0.00111356
0.000671774 0.0012216
0.0131777 0.00113959
0.0136992 0.00123027
0.00411504 0.00110079
-0.00192595 0.00106878
0.00590932 0.00111916
0.0109447 0.00114288
0.00717703 0.00110251
0.005182 0.0011117
0.00322886 0.00106052
0.00945486 0.00113813
0.00340581 0.00124232
0.00445465 0.00121215
0.00577943 0.0011531
0.00890037 0.00124036
0.00377213 0.00108939
0.0107771 0.00120494
0.0044612 0.00127125
0.0151103 0.00118953
0.0103164 0.00123723
0.00414784 0.00101654
0.006194 0.00139816
0.00366023 0.00125074
0.00899293 0.00121164
0.00388103 0.00115421
0.00608489 0.0010307
0.0088795 0.00100578
0.0136354 0.00129949
0.00128019 0.00113317
0.000684813 0.00120066
0.00884497 0.0011426
0.00162386 0.00104385
0.00721368 0.00127611
0.0106552 0.00127937
0.00793538 0.00103733
0.00254564 0.00106766
