0.032869 0.00125291
0.0211993 0.00128041
0.0184885 0.00138621
0.0132201 0.0012363
0.0196882 0.00119529
0.0219303 0.00129615
0.0170147 0.00152765
0.0265821 0.00126419
0.021406 0.00136151
0.0239668 0.00121457
0.016846 0.00139759
0.0191706 0.00113576
0.0231532 0.00123574
0.0160965 0.00126379
0.0224809 0.00129064
0.0195236 0.00133368
0.0204586 0.00126324
0.0151772 0.00123118
0.0215777 0.00135223
0.0245198 0.00113183
0.0177916 0.00123478
0.0238467 0.00121517
0.0240126 0.0010936
0.0189844 0.00124881
0.0137288 0.00116278
0.0242469 0.00119883
0.0219421 0.0013365
0.0160764 0.00120905
0.0207129 0.00130298
0.015461 0.0012016
0.0230398 0.00121103
0.0211674 0.001249
0.0171233 0.0013704
0.0195513 0.00120574
0.0233806 0.0011653
0.0180456 0.00128664
0.0176365 0.00137627
0.0144844 0.00115912
0.0162795 0.00122493
0.0206407 0.00121979
0.0164056 0.00111738
0.0253517 0.00142992
0.0184035 0.00123197
0.0185534 0.00145461
0.019904 0.00127759
0.0183226 0.00113064
0.0143547 0.00123374
0.0211866 0.00124931
0.0239468 0.00121702
0.0235802 0.00154164
0.0235822 0.00126295
0.0167622 0.00125886
0.0240732 0.00132097
0.0252242 0.00132317
0.0161148 0.00122352
0.0104357 0.00117615
0.0196636 0.00110051
0.01581 0.00130789
0.0176067 0.00115081
0.0176714 0.0010885
0.0221515 0.00118696
0.0242144 0.0012234
0.0187156 0.00114594
0.0226232 0.001363
0.0167697 0.00139682
0.0251815 0.00119636
0.0238643 0.00144901
0.0101176 0.00113429
0.0155932 0.00143728
0.0256944 0.00134547
0.0169141 0.00122669
0.0173186 0.00116109
0.0186712 0.00132101
0.0168491 0.00108991
0.018037 0.00122288
0.0198274 0.00105792
0.00978395 0.0010884
0.0256414 0.00126757
0.0162417 0.00128574
0.0260273 0.00115492
