pheno sigma2_e sigma2_e.se h2g h2g.se h2gxe h2gxe.se h2exn h2exn.se h2tot h2tot.se
ala_at 0.981533 0.0178799 0.191481 0.0134801 0.00981821 0.00195265 -0.339555 0.0131571 -0.138256 0.0207348
albumin 0.928055 0.0199681 0.199711 0.0131464 0.00385654 0.0020977 -0.177664 0.0134952 0.0259034 0.0209588
alcohol_freq 1.37055 0.00743181 0.112602 0.00457225 0.00855434 0.00167995 -0.54852 0.00670215 -0.427364 0.00773987
alka_phos 0.826242 0.124291 0.482186 0.124725 0.0136284 0.00208009 -0.375435 0.0329772 0.12038 0.132321
apo_a 0.487144 0.0700155 0.389274 0.0748278 0.0150558 0.00277781 0.0160663 0.0261684 0.420396 0.0833044
asp_at 0.784645 0.0237235 0.216978 0.0213108 0.00992477 0.00212669 -0.0993019 0.013059 0.1276 0.0263767
basal_metabolic 0.417838 0.0124425 0.40607 0.0169984 0.0101726 0.00171893 -0.411309 0.0237906 0.00493383 0.0296313
blood_eosinophil 0.517638 0.0327056 0.29489 0.0228119 0.0063198 0.00190697 0.175448 0.0202643 0.476658 0.033066
blood_lymphocyte 0.564249 0.0273953 0.285103 0.0176618 0.00646786 0.00200616 0.135915 0.0197088 0.427486 0.0277966
blood_mch 0.796853 0.0672237 0.383258 0.0585327 0.00181515 0.0020324 -0.200897 0.02416 0.184175 0.0688242
blood_monocyte 0.45674 0.0376684 0.31627 0.0301653 0.00704162 0.00183433 0.18846 0.0220585 0.511771 0.0402652
blood_mpv 0.414057 0.0755466 0.555718 0.0657246 0.00473975 0.00212337 0.0243791 0.0334288 0.584837 0.0757483
blood_mscv 0.711703 0.0373429 0.314831 0.0303799 0.0064685 0.0019402 -0.0419291 0.0196543 0.279371 0.0378113
blood_platelet_distrib_width 0.814194 0.049337 0.379081 0.0398507 0.00275485 0.00182408 -0.215772 0.0294433 0.166064 0.0505333
blood_platelet 0.604285 0.0412579 0.417274 0.0337327 0.00678261 0.00165026 -0.0711717 0.0251784 0.352885 0.0441821
blood_rbc_count 0.114096 0.0379992 0.348448 0.043254 0.0142669 0.00189714 0.479693 0.0238953 0.842407 0.0524853
blood_rbc_distrib_width 1.41305 0.0348066 0.307369 0.0264924 0.00683618 0.00203991 -0.74928 0.0213527 -0.435075 0.0353492
blood_reticulocyte 0.620488 0.0380496 0.329835 0.0309932 0.00812103 0.00188689 0.0294869 0.0225525 0.367443 0.0387897
blood_wbc_count 0.702288 0.0311824 0.285815 0.0235853 0.0101019 0.00197684 -0.00315689 0.0195139 0.29276 0.0314023
bmd_heel_tscore 0.12962 0.0546604 0.447211 0.0458587 0.0102953 0.00604897 0.401609 0.0318668 0.859114 0.059411
bmi 2.1023 0.0269686 0.332694 0.0149415 0.010765 0.00201526 -1.49252 0.0216862 -1.14906 0.0275684
bp_diastolic 0.949021 0.0154497 0.192773 0.00641506 0.00943582 0.00207548 -0.18457 0.0147935 0.017639 0.0159924
bp_systolic 1.3619 0.0148522 0.207285 0.00807663 0.00940128 0.00181568 -0.794178 0.0156024 -0.577491 0.0172033
calcium 1.13941 0.0275387 0.191855 0.0230862 0.00494521 0.00206173 -0.37127 0.0129087 -0.174469 0.0283859
cholesterol 0.336084 0.0629296 0.241795 0.0655076 0.013372 0.00266525 0.386342 0.0157958 0.641508 0.0671254
corneal_hysteresis 0.431469 0.0358442 0.343549 0.0255759 -0.0037586 0.00912019 0.214804 0.025438 0.554595 0.037002
c_reactive_prot 1.11673 0.113014 0.399568 0.109602 0.013487 0.0025703 -0.551843 0.0263897 -0.138789 0.115246
creatinine 0.870163 0.0165716 0.301554 0.0156446 0.0190051 0.00232171 -0.673364 0.0204869 -0.352805 0.0257631
creatinine_urine 1.24342 0.00558128 0.0794352 0.00293765 0.00684642 0.00205673 -0.506037 0.00541407 -0.419756 0.00637278
cystatin_c 1.08806 0.0705463 0.370558 0.0768448 0.00704333 0.00201687 -0.710304 0.0253678 -0.332702 0.0864084
fev1_fvc 0.406511 0.0223271 0.271952 0.0159827 0.00543531 0.00199116 0.293221 0.0185758 0.570608 0.0235838
fvc -0.0778887 0.0143735 0.32294 0.0125317 0.00537639 0.00200033 0.825355 0.0224277 1.15367 0.0283583
ggt 1.53788 0.0414333 0.322491 0.0398069 0.013677 0.0021245 -1.13962 0.0222934 -0.80345 0.0485882
glucose 0.252174 0.0137706 0.11491 0.0117447 0.00264151 0.0017848 0.623138 0.00788477 0.74069 0.0141603
hair_color 0.344963 0.106268 0.326069 0.106529 0.0024596 0.0018757 0.311839 0.0227427 0.640368 0.110787
hba1c -0.108985 0.0302042 0.334154 0.0261567 0.00496804 0.00178734 0.78012 0.0232223 1.11924 0.033047
hdl 0.355554 0.103 0.481471 0.115306 0.0172453 0.00266214 0.0656935 0.0318647 0.56441 0.126185
height 0.191502 0.0298804 0.698976 0.0330212 0.00789253 0.00182071 -0.0981103 0.0483781 0.608758 0.0610462
igf1 0.910702 0.0305364 0.346296 0.0201274 0.0212633 0.00229455 -0.34827 0.0232953 0.0192896 0.0328838
ldl 0.545799 0.0963502 0.251688 0.0967972 0.016673 0.00359117 0.165214 0.0165836 0.433575 0.0999915
microalbumin 0.351944 0.00985847 0.0506653 0.00763786 0.00904714 0.00633811 0.584822 0.00704141 0.644534 0.00995711
overall_health 0.484574 0.010418 0.131418 0.00411667 0.00493833 0.00199953 0.346912 0.00952897 0.483268 0.0111094
phosphate 0.351166 0.0184573 0.160544 0.0142041 0.00986069 0.00205778 0.452941 0.0109367 0.623345 0.019797
potassium 1.3423 0.00424751 0.052347 0.00222794 0.00448478 0.00181472 -0.431672 0.00415227 -0.374841 0.00435049
shbg 1.87474 0.0773205 0.386832 0.0855952 0.0252644 0.00299068 -1.75471 0.0295301 -1.34262 0.0966172
sodium 0.918143 0.00725583 0.0947152 0.00392482 0.00322459 0.00185085 -0.090126 0.00674977 0.00781371 0.00784098
testosterone 0.264024 0.00757824 0.119069 0.0193731 0.119098 0.0121934 0.0357939 0.0156468 0.273961 0.0208393
triglycerides 0.0372958 0.0651977 0.351437 0.059651 0.0123802 0.00225496 0.595974 0.0246874 0.959791 0.0702908
urate 0.682837 0.115564 0.381564 0.153102 0.0299437 0.0204548 -0.373632 0.0289712 0.0378753 0.16283
urea 0.607086 0.0160685 0.166396 0.0105755 0.00847266 0.00188145 0.156295 0.0116333 0.331164 0.0177029
vitamin_d 0.923876 0.0291127 0.135968 0.0272069 0.00583576 0.00185299 -0.0784966 0.00987156 0.0633071 0.0295166
whr 0.84726 0.0103715 0.223243 0.00768018 0.0372835 0.00355718 -0.765815 0.0165415 -0.505288 0.0184266
