pheno h0 se0 h1 se1 h2 se2 h3 se3 h4 se4 h5 se5 h6 se6 h7 se7 hge0 sege0 hge1 sege1 hge2 sege2 hge3 sege3 hge4 sege4 hge5 sege5 hge6 sege6 hge7 sege7 h2nxe h2nxe.se  h2gxe h2gxe.se h2g h2g.se
ala_at 0.0305768 0.0097924 0.0195239 0.00380037 0.00527331 0.00153186 0.00138272 0.000522091 0.0034256 0.000766101 0.0264497 0.00383111 0.0593283 0.00900741 0.0249103 0.00401851 5.47078e-06 0.00384856 0.00205686 0.00233735 0.000326006 0.000836762 0.000198631 0.000271958 0.000126349 0.00061907 -0.00164299 0.000903969 0.000145504 0.00103414 0.00190617 0.000544184 -0.026763 0.00366026 0.003122 0.00365074 0.170871 0.014475
albumin 0.0422323 0.00799411 0.0233603 0.00434109 0.00778635 0.00180367 0.00132061 0.000504193 0.00542933 0.00111311 0.0355824 0.00518263 0.0625574 0.00456469 0.0245411 0.00261005 0.00200434 0.00448186 0.00136773 0.00279672 -0.00118581 0.00105846 0.000335656 0.000358012 0.000370382 0.000692499 -0.000458715 0.00123561 9.5848e-05 0.00139499 0.000169287 0.000575352 0.0207453 0.00468932 0.00269872 0.0047052 0.20281 0.0174983
alcohol_freq 0.0182971 0.00393357 0.0179742 0.00311984 0.0060433 0.00115199 0.000329501 0.000364299 0.00220602 0.000598729 0.0180974 0.00171609 0.0364942 0.00211193 0.0176056 0.00232449 -0.00339645 0.00406858 0.00376888 0.0027508 0.000831143 0.00100549 0.000411448 0.00029779 -0.000576793 0.000530863 -0.000143334 0.000999609 -0.000581417 0.00106086 0.00039777 0.000588951 0.0258975 0.00419441 0.000711244 0.0041926 0.117047 0.00588624
alka_phos 0.0881641 0.0342511 0.0280396 0.0146864 0.0123633 0.00696713 0.00152934 0.00129319 0.0106175 0.00539099 0.0596171 0.0128379 0.151219 0.0551485 0.0487508 0.0109066 0.00548869 0.00375761 -0.0026725 0.00222769 -0.000345002 0.000899582 0.000347122 0.000290421 0.00118243 0.000561976 0.00233304 0.00118477 0.00207019 0.00125852 0.00109239 0.000552787 -0.00499146 0.0042929 0.00949636 0.00428836 0.400301 0.0756488
apo_a 0.0477263 0.0080081 0.0373498 0.00693323 0.00819615 0.00209529 0.00293939 0.00154896 0.0169586 0.0114624 0.0732449 0.0254952 0.10092 0.0178284 0.0380746 0.00502926 -0.00115116 0.00434809 0.00304478 0.00267607 -0.000277675 0.00101349 0.000286422 0.000359599 0.000135222 0.000630357 0.000395527 0.00130021 0.00155836 0.00115119 0.000676121 0.000605311 0.0131939 0.00466339 0.00466759 0.00467326 0.325409 0.0432233
asp_at 0.030082 0.00427611 0.0223333 0.00382145 0.00502001 0.00147477 0.00206146 0.0004914 0.00401045 0.000954151 0.035276 0.00854462 0.0701459 0.00956351 0.0253868 0.00385852 0.00633752 0.00422878 -0.0012752 0.0027021 -0.000712062 0.000776851 0.000245408 0.000244255 3.51046e-06 0.00059053 -0.00220005 0.00107111 0.0002758 0.00108505 0.00116228 0.000628146 0.00395386 0.00437072 0.00383721 0.00435647 0.194316 0.0169791
basal_metabolic 0.0659372 0.00733296 0.0601907 0.00475046 0.0140781 0.00204844 0.0035095 0.000659732 0.00673112 0.00129213 0.0615455 0.00482511 0.126313 0.00651404 0.0607599 0.0083447 0.00335423 0.00399115 -0.00201246 0.00253404 0.00041852 0.00100355 0.000199698 0.000285355 0.000772565 0.000622515 -0.000322093 0.00110718 0.000526266 0.0010959 0.00041556 0.000581363 0.0132509 0.00398573 0.00335229 0.00398103 0.399065 0.0152272
blood_eosinophil 0.0354347 0.00621485 0.0374841 0.00631298 0.00892361 0.00208888 0.00125208 0.000688341 0.00902233 0.00223851 0.0502813 0.00719985 0.0890517 0.0069047 0.0442138 0.00735832 -0.00435641 0.00405526 0.00551656 0.0023062 -0.000145356 0.000982299 -7.13194e-06 0.000313546 -0.000576324 0.000490426 -0.000788124 0.0010946 0.000710794 0.00111274 -0.00021701 0.000452733 0.000208812 0.00400485 0.000136999 0.0039877 0.275664 0.0186785
blood_lymphocyte 0.0495432 0.00550316 0.0328964 0.00472822 0.00923391 0.00194881 0.00225068 0.000888034 0.00710048 0.00217759 0.0508319 0.00935992 0.0819638 0.00555684 0.0421073 0.00526734 -0.00302833 0.00492092 0.000641647 0.00254253 -0.000678414 0.000988259 0.000813962 0.000250925 0.000254169 0.000640543 0.000793464 0.00125548 -0.000223659 0.0011436 0.000430259 0.000505805 0.0198824 0.00470313 -0.000996896 0.0046802 0.275928 0.0187119
blood_mch 0.0521526 0.00912383 0.0445072 0.00988961 0.00755227 0.00231155 0.00242792 0.00115789 0.00591925 0.00215628 0.0625874 0.0170546 0.112029 0.0177035 0.0461692 0.00729964 -0.00155902 0.00426413 -0.00173151 0.00254188 0.000622355 0.000883519 -0.000257857 0.000291674 0.000203839 0.000525475 -0.000387126 0.00119477 -0.00154738 0.00105915 0.000679738 0.000559767 0.00818448 0.00467704 -0.00397696 0.00468821 0.333345 0.0366765
blood_monocyte 0.0548901 0.00885304 0.0363337 0.00735416 0.00595168 0.00176788 0.00112105 0.000629228 0.0110816 0.00343638 0.0624905 0.0186123 0.100956 0.0115014 0.0412065 0.00742007 -0.000520665 0.00469053 -0.000629464 0.00267906 0.00146 0.000783475 -7.67587e-05 0.00030829 -0.000987815 0.000608524 0.000466861 0.00122686 -0.000638142 0.00108297 0.000342947 0.000558955 0.0105686 0.00407653 -0.000583038 0.00407614 0.314031 0.0279878
blood_mpv 0.07397 0.0114355 0.0701423 0.018867 0.0104735 0.00471041 0.00471802 0.00153103 0.0134728 0.00472656 0.0698628 0.0126056 0.195077 0.0321241 0.0587303 0.0156767 0.00068867 0.00424499 0.00116044 0.0023283 0.000699421 0.000899863 0.000312235 0.00030962 -0.00153692 0.000662501 0.00322374 0.00124872 -0.000974603 0.00112339 0.000129015 0.000570254 0.00559902 0.00458412 0.00370201 0.00450554 0.496447 0.050993
blood_mscv 0.064335 0.00837102 0.0480165 0.00832486 0.0095242 0.00380875 0.00138779 0.000639809 0.00606382 0.00154786 0.0552684 0.00964748 0.0835476 0.0104843 0.0412089 0.00778483 -0.00376178 0.00381449 0.00121458 0.0022903 -0.000477566 0.000938112 -8.01106e-05 0.000287922 0.000359066 0.000675019 -0.000488062 0.00111613 -0.000480742 0.00123147 -0.000196988 0.000400271 0.00715132 0.00433826 -0.00391161 0.00432633 0.309352 0.0251795
blood_platelet 0.0753047 0.0101887 0.0619732 0.014694 0.0118256 0.00293145 0.00181319 0.000752415 0.00987592 0.00281333 0.0659266 0.00959351 0.130166 0.0126896 0.050266 0.0061336 0.00491707 0.00397233 -0.00114387 0.00235885 -0.000543641 0.000885564 0.000459354 0.000290523 -0.000521774 0.000597378 0.0017001 0.00116229 0.000887941 0.00111667 0.000723036 0.000538732 0.00372525 0.00409653 0.00647822 0.00409076 0.407152 0.0316078
blood_platelet_distrib_width 0.0709421 0.0203441 0.0507423 0.0152651 0.0150411 0.00565164 -0.00043051 0.000608646 0.0108835 0.00443415 0.0423959 0.00655157 0.112032 0.0137802 0.0541607 0.00955344 -0.00294776 0.0043445 0.00503226 0.00251685 0.00159428 0.000956634 -1.70922e-05 0.000258976 -0.000136939 0.000463212 0.00163254 0.000880182 -0.000703615 0.00110432 -9.03251e-05 0.000434683 -0.0052191 0.00436785 0.00436335 0.00434496 0.355767 0.0462173
blood_rbc_count 0.0552019 0.0061123 0.0464888 0.0068411 0.0093748 0.00285459 0.00244749 0.000841047 0.0100267 0.00214685 0.0540206 0.00593665 0.103019 0.0110479 0.0412737 0.0103628 -0.00622519 0.00444102 0.000793848 0.0026154 -0.000307509 0.000991724 0.000141457 0.000487578 -0.0008957 0.000650571 0.00101688 0.00114312 -0.000863452 0.00123455 -0.000123292 0.000530926 0.0463098 0.0047416 -0.00646295 0.00476941 0.321853 0.0236494
blood_rbc_distrib_width 0.0502965 0.008262 0.0302498 0.00579388 0.00857419 0.00249596 0.000629258 0.000522905 0.00471752 0.0014065 0.0516049 0.0104354 0.0846104 0.00909195 0.0429534 0.00677728 0.00587335 0.00372508 -0.000748127 0.0021497 -6.22243e-05 0.000898433 3.00607e-05 0.000246723 0.000220146 0.000505483 0.000747722 0.00107036 0.000162207 0.00119983 0.000115203 0.0004053 -0.00504005 0.0039673 0.00633834 0.00394539 0.273636 0.0235237
blood_reticulocyte 0.0424795 0.00645863 0.0375781 0.00719189 0.0128508 0.00366504 0.00210363 0.000502474 0.00536385 0.00139812 0.0509423 0.00997086 0.0857123 0.00918311 0.0517311 0.0100459 -0.00224801 0.00441461 -4.34965e-07 0.00237281 -0.000340156 0.000852298 -9.15313e-05 0.000224543 0.000350351 0.000490285 0.00106141 0.00107342 0.00122619 0.000928843 -0.000558321 0.000408327 -0.00602499 0.00461056 -0.000600501 0.00460451 0.288762 0.0216299
blood_wbc_count 0.0525128 0.00606332 0.0383676 0.00535138 0.00862287 0.00203767 0.00250872 0.000915642 0.00526502 0.00128141 0.0487387 0.00472839 0.0826226 0.00468883 0.0367217 0.00792285 0.00271558 0.00372742 0.00377606 0.00251451 0.00104427 0.000903096 -0.000395095 0.000281285 -0.000498027 0.000550631 -0.000462431 0.00103818 0.00121596 0.00113645 0.000262764 0.000530173 -0.0122608 0.00363201 0.00765909 0.0036319 0.27536 0.0155687
bmd_heel_tscore 0.0611442 0.0136491 0.0587453 0.0110353 0.0108885 0.00347974 0.00335642 0.00147698 0.0150499 0.00475688 0.0576708 0.0081653 0.141483 0.0168131 0.0698163 0.00872838 0.0113393 0.0133143 -0.00160566 0.00755261 0.00174286 0.00317203 0.000637745 0.000876562 -0.00201793 0.00144838 -0.00582125 0.00368169 0.000342444 0.00315126 -0.000690077 0.00142034 0.013242 0.0121303 0.00392739 0.0121098 0.418155 0.0316349
bmi 0.0492304 0.00513655 0.0428891 0.00412114 0.0109961 0.0018658 0.00295625 0.000613054 0.00613554 0.00102153 0.0458607 0.00321667 0.101125 0.00656287 0.0554401 0.00594574 0.00226822 0.00388673 0.000263898 0.0021576 -0.000745115 0.000806524 0.000236008 0.000290815 0.000899886 0.000579443 0.00128735 0.00106531 0.0014716 0.000827284 0.000578918 0.000470978 -0.0286125 0.00417433 0.00626076 0.00416117 0.314633 0.00964453
bp_diastolic 0.0393933 0.00495735 0.0278025 0.00364956 0.0064775 0.00152859 0.00152981 0.000372018 0.00449935 0.000933475 0.0292063 0.00245544 0.0626001 0.00290271 0.032513 0.00365706 0.0055482 0.0041216 0.0013006 0.00234266 -0.000842796 0.00091475 0.000195895 0.000341341 0.000111895 0.000606314 0.00197604 0.00105389 0.00411558 0.00130993 0.00136224 0.000619368 -0.0123885 0.00389231 0.0137677 0.00391342 0.204022 0.00866036
bp_systolic 0.0394248 0.00441957 0.0260047 0.00375656 0.00759644 0.00152815 0.00110126 0.000438192 0.00389036 0.000815321 0.0328186 0.00283839 0.0644087 0.00327491 0.0326618 0.00491314 0.0045783 0.00428936 -0.000490677 0.00219772 -0.000395562 0.000949661 0.000461968 0.000295844 -0.00103218 0.000594522 0.00254985 0.0011847 0.0029805 0.00108867 0.00108377 0.000604762 -0.0114833 0.00452505 0.00973597 0.00450473 0.207907 0.00805766
calcium 0.0334991 0.00593889 0.020739 0.004306 0.0118952 0.00365536 0.000121917 0.000604089 0.00602915 0.00155128 0.0282837 0.00376198 0.0536604 0.00452724 0.0292318 0.00679757 0.00109589 0.0043817 0.0014269 0.00282765 0.000800288 0.00101054 -0.000254205 0.000324006 -0.000124767 0.000819474 0.000208877 0.00113284 0.00179836 0.00125337 0.000266757 0.000567914 0.00896348 0.00453151 0.0052181 0.00453767 0.18346 0.0154692
cholesterol 0.0405949 0.0114523 0.0663451 0.0259733 0.00447845 0.0019993 0.000988319 0.000612579 0.00577679 0.00304821 0.0764437 0.0375612 0.0775343 0.0115928 0.0378635 0.00700144 0.00975876 0.0043762 0.00297597 0.00269404 0.000157544 0.000915794 -4.07998e-05 0.000280555 0.000664572 0.000556824 0.00104221 0.00137423 0.00444084 0.00115752 0.00127072 0.000511729 -0.0265737 0.00431373 0.0202698 0.00426761 0.310025 0.0592683
corneal_hysteresis 0.00539803 0.0165493 0.0346672 0.0121111 0.00700226 0.00518694 0.00205245 0.00143443 0.0135255 0.00327804 0.0652529 0.00853751 0.130657 0.0146425 0.0447976 0.00694444 -0.0437091 0.0179915 0.00318485 0.0106753 -0.0059251 0.00372001 0.00179257 0.00135851 0.0049932 0.0034694 0.00562231 0.00434892 0.00116836 0.00431643 -0.000744208 0.00246066 0.0435071 0.0190318 -0.0336171 0.0190047 0.303353 0.0280983
c_reactive_prot 0.0518627 0.0132383 0.0355606 0.00756776 0.00640817 0.00205482 0.00117475 0.000588093 0.00370449 0.00266845 0.0649701 0.0355038 0.0861035 0.019879 0.0425394 0.00815163 -0.00311969 0.00371815 0.00380617 0.00205778 -0.00014684 0.00100174 6.50764e-05 0.000250889 -0.000497782 0.000459994 0.000896272 0.00100007 0.000367338 0.000980478 0.00157289 0.000468384 -0.0144045 0.00423344 0.00294344 0.00423915 0.292324 0.0490877
creatinine 0.0421418 0.00565636 0.0401465 0.00488743 0.00960634 0.0017579 0.00201848 0.000665628 0.00796922 0.00189761 0.0485309 0.00491268 0.0866109 0.00512863 0.0446298 0.00535421 0.00540216 0.00498388 -0.00515757 0.00291007 0.00200068 0.00105972 -9.08299e-05 0.000493084 0.000909076 0.000768659 0.000674793 0.00128386 0.00231854 0.00141521 0.000200494 0.000592415 0.0630124 0.00521216 0.00625734 0.00523945 0.281654 0.014092
creatinine_urine 0.00958998 0.00397693 0.0109579 0.00248163 0.0034118 0.000970272 0.000351558 0.000271556 0.00165381 0.000600958 0.0123559 0.00162733 0.0280191 0.00166797 0.0131603 0.0016605 0.000805178 0.00380976 -0.00453808 0.00217024 0.000642156 0.00085035 -0.000456898 0.000270027 8.21695e-05 0.00060131 0.000943058 0.0010616 0.0011852 0.00105658 0.000178343 0.000472896 -0.00681812 0.00389536 -0.00115887 0.00390086 0.0795005 0.00484184
cystatin_c 0.0612691 0.0144057 0.0437261 0.0106809 0.0104409 0.00189142 0.00114881 0.00129748 0.00758437 0.00158267 0.0449401 0.00546472 0.0991863 0.0129245 0.080263 0.037884 0.0081503 0.00483929 0.00305861 0.00275531 0.00104294 0.00107008 -0.000117375 0.000398109 0.000391024 0.000629187 0.00258078 0.00123275 0.000744436 0.00109649 0.000571775 0.000639239 0.0354876 0.0050791 0.0164225 0.00504261 0.348559 0.0680341
fev1_fvc 0.0454633 0.00516403 0.036065 0.00422081 0.00782853 0.00145344 0.00195273 0.000530187 0.00474075 0.000819822 0.0398139 0.00337208 0.0894198 0.00641005 0.0386269 0.00483599 0.000171201 0.00445391 0.00469355 0.00258095 -0.00110656 0.0010347 0.000142075 0.000365816 0.00133294 0.000615549 0.00188628 0.00118563 0.000770987 0.00118294 -0.000601322 0.000511779 0.00732817 0.00440654 0.00728915 0.0044481 0.263911 0.0120902
fvc 0.0603486 0.00576465 0.0432693 0.00398042 0.0112706 0.00177447 0.00289964 0.000642374 0.00589349 0.00115945 0.0500455 0.00403346 0.0926501 0.00446499 0.0497096 0.00551894 0.00535042 0.00503626 0.00172871 0.00253417 -0.000301321 0.00101977 -0.000201163 0.000307608 0.00193533 0.000675188 0.00019064 0.00107346 -0.00240689 0.000978175 0.000488218 0.000739876 0.0152761 0.00505439 0.00678394 0.00504348 0.316087 0.013004
ggt 0.0617474 0.0145719 0.0314426 0.00676485 0.00739465 0.00194246 0.00175396 0.0005063 0.00598816 0.00284601 0.0851 0.0394418 0.0843142 0.00821957 0.040197 0.00586437 -0.00118673 0.00390618 0.00589219 0.00245134 -7.64021e-05 0.000897257 8.801e-05 0.000255462 0.000386123 0.000530373 0.00237785 0.000971326 0.00124729 0.000861088 0.000420189 0.00046037 -0.0291255 0.00375247 0.00914853 0.00376993 0.317938 0.0502321
glucose 0.0261634 0.00622511 0.0162312 0.0030037 0.0015907 0.00127096 0.000939036 0.000376039 0.00158027 0.00082074 0.0252608 0.00706299 0.0377845 0.00537965 0.0128984 0.00138324 0.00691114 0.00544498 0.00288775 0.00275288 0.00172508 0.00117927 0.000482224 0.000357316 0.00107834 0.000862985 -0.00043358 0.00155562 0.00402912 0.00173255 0.00208511 0.00077576 0.0707792 0.00533463 0.0187652 0.00533841 0.122448 0.0166233
hair_color 0.0728869 0.0339532 0.0271882 0.0115864 0.00348946 0.00241435 -0.000192479 0.000643069 0.0750266 0.0631288 0.0220014 0.0168972 0.101884 0.0383756 0.0332441 0.0117019 -0.000219663 0.00374934 0.00250839 0.00217697 -0.000151844 0.00089335 -0.000190229 0.00026685 0.00063628 0.000651214 -0.000342231 0.00101612 0.000581953 0.000964102 -0.000735606 0.000480722 0.0129018 0.00386873 0.00208705 0.00387061 0.335528 0.0993029
hba1c 0.0510229 0.00761433 0.0341378 0.00495783 0.00953272 0.00275292 0.00072768 0.000593829 0.00414803 0.00237286 0.0817307 0.0260747 0.0783311 0.00794254 0.0477942 0.012125 0.00987662 0.00490548 0.00018752 0.00273378 0.000403106 0.00112676 3.76666e-06 0.000350631 0.000647823 0.000630337 0.00378755 0.00164545 0.00710122 0.00139167 0.00253364 0.000732231 0.0433672 0.00494765 0.0245413 0.00495465 0.307425 0.0284883
hdl 0.0468298 0.00976491 0.040123 0.0081338 0.00736793 0.00218446 0.00200102 0.00102592 0.0152272 0.00934092 0.0900601 0.0402734 0.121455 0.0234432 0.0473168 0.00844329 -0.00236834 0.00479993 0.00489765 0.00273863 -0.000547211 0.00104214 0.000497482 0.000436957 3.1815e-05 0.000680269 -0.00027037 0.00125438 0.00138554 0.00125356 0.00068356 0.00064738 0.0192945 0.00519008 0.00431013 0.00520766 0.370381 0.0572503
height 0.1464 0.0131494 0.0953301 0.00839878 0.0270517 0.00400389 0.00611493 0.00137067 0.0140945 0.00282722 0.10829 0.0102244 0.20177 0.0119446 0.10561 0.0139829 0.00507235 0.00384306 0.00265175 0.00239704 0.000628242 0.000890878 -0.000124651 0.000308493 5.89487e-05 0.000546904 -0.00105422 0.000904377 -0.00141323 0.000932722 0.00116131 0.000494297 -0.00707039 0.00369244 0.00698051 0.00369673 0.704661 0.0343541
igf1 0.0457264 0.00762112 0.0427477 0.00525848 0.0102222 0.00244601 0.00236308 0.000797209 0.00730348 0.00150776 0.0500548 0.00562988 0.103602 0.0110308 0.0539067 0.00851336 0.00104395 0.00517153 -0.00323566 0.00260322 0.00108945 0.000941683 6.22941e-05 0.00028841 -0.000124766 0.00069452 0.000940857 0.0011869 0.00404568 0.00119127 -0.000294132 0.000461666 0.0255523 0.00506565 0.00352767 0.00503929 0.315927 0.0201433
ldl 0.0354304 0.0162004 0.0804434 0.0381495 0.00372551 0.00228515 0.000594634 0.000536174 0.00215464 0.00125415 0.0937514 0.0537333 0.0744667 0.0130991 0.0335656 0.00824055 0.00811339 0.00410752 0.00289888 0.00269596 0.000713938 0.00081581 -8.87913e-05 0.000259301 0.000331422 0.000539157 0.00208031 0.00139149 0.00399556 0.000938185 0.00141838 0.000495416 -0.0391326 0.00444493 0.0194631 0.00446591 0.324132 0.0807149
microalbumin -0.0021826 0.0118565 0.000221714 0.00663588 0.00209426 0.00243979 -0.00115097 0.000660001 0.000847266 0.00173787 0.0141018 0.00312719 0.0122596 0.0035821 0.0078133 0.0021793 -0.000560646 0.0145534 0.00929465 0.00796706 0.00410997 0.00355513 0.0008991 0.000891363 9.59401e-05 0.00212271 0.00511903 0.0039198 -0.000151614 0.00367542 -0.000455994 0.00183598 0.0233531 0.0147232 0.0183504 0.0147301 0.0340044 0.0125949
overall_health 0.0331695 0.00438576 0.0187739 0.00245362 0.00540422 0.000939288 0.00100764 0.000301612 0.0019085 0.000558264 0.0166498 0.0015165 0.0378323 0.00185403 0.020998 0.001896 0.00597757 0.00393726 0.000257643 0.00219173 0.000145292 0.000921949 0.000194264 0.000301707 0.00017786 0.000624639 -0.000146121 0.00122313 0.00229575 0.0011713 0.000478579 0.000499993 0.0165025 0.00391023 0.00938083 0.00390534 0.135744 0.00522002
phosphate 0.0411662 0.00540066 0.0158 0.00371125 0.00635503 0.00163095 0.00169172 0.000538197 0.00343118 0.00088715 0.0265898 0.00466483 0.062426 0.0086635 0.0182778 0.00273908 -0.0049117 0.0048555 -0.000362765 0.00241978 0.000765733 0.00086603 -0.000252176 0.000263511 0.00179837 0.000644417 0.000881209 0.00119163 -0.00193587 0.00138683 0.000200468 0.000597143 0.0204028 0.00509286 -0.00381673 0.0050793 0.175738 0.0151848
potassium 0.00530709 0.00441769 0.00755266 0.00248299 0.00150722 0.000976742 0.000370264 0.000307445 0.00152006 0.00056363 0.00784217 0.0013248 0.0189017 0.00148248 0.00814353 0.00210754 0.0023833 0.00365926 -0.0029459 0.00205621 0.00162148 0.000865096 -0.000346411 0.000303154 0.000371774 0.000529671 0.00130897 0.000996218 0.00212347 0.00107373 -0.00052286 0.000471156 -0.0180792 0.00345451 0.00399383 0.00345126 0.0511447 0.00523269
shbg 0.0604108 0.0191326 0.0448919 0.00773453 0.02152 0.0120181 -0.000358354 0.000813469 0.00702241 0.00226123 0.0505103 0.0085228 0.109108 0.0313147 0.0460059 0.0129478 0.00298436 0.00480035 0.00320042 0.00258556 -0.000877625 0.00115739 8.72229e-05 0.0002779 -0.000245887 0.000519502 0.00197565 0.00105557 0.000660713 0.00124524 0.00147158 0.00078549 -0.00617499 0.00492667 0.00925643 0.00492591 0.339111 0.0682563
sodium 0.0206161 0.00432168 0.0147785 0.00260671 0.00231711 0.000928971 0.00102454 0.00036285 0.00246865 0.000660447 0.0141075 0.00138091 0.0296181 0.00177574 0.0159056 0.0025268 -0.000985893 0.00385881 -0.00225344 0.00238403 0.000937596 0.000819704 -2.61343e-05 0.000259626 -0.00058991 0.000575323 0.00126195 0.00119383 -4.77161e-06 0.00092442 0.000409205 0.000472726 -0.00603786 0.00377766 -0.0012514 0.00377849 0.100836 0.00454976
testosterone 0.0145624 0.0047353 0.00804726 0.00340104 0.0069059 0.00147258 0.000179746 0.000510795 0.00177684 0.000631088 0.0174955 0.00235863 0.0361352 0.00636024 0.014239 0.00487568 -0.00366086 0.00410782 -0.000887618 0.0026802 0.000761859 0.000937015 0.000425766 0.000310536 1.9963e-05 0.000658815 0.000240882 0.00111661 0.000526736 0.000961402 0.00022815 0.000520655 -0.012607 0.00426236 -0.00234512 0.0042543 0.0993419 0.0114466
triglycerides 0.049392 0.0121614 0.0439533 0.00996057 0.00841372 0.00196664 0.000313637 0.00059418 0.00519731 0.00157232 0.0418073 0.00568877 0.0854476 0.0137501 0.0448232 0.00945857 0.00153859 0.00385483 0.00505885 0.00233065 -0.000487512 0.00100687 0.00032313 0.000310957 0.000123679 0.000576499 0.000939453 0.001176 -3.1031e-05 0.00113413 0.000745047 0.000648758 -0.00758762 0.00410894 0.0082102 0.00409441 0.279348 0.0369248
urate 0.0503909 0.00780795 0.032716 0.00937023 0.0236258 0.0127932 -0.00045558 0.00242482 0.00517996 0.000951422 0.0328657 0.00282354 0.0556103 0.0183989 0.103211 0.0695893 -0.00576602 0.00453227 0.000991414 0.0028671 0.00115442 0.00100868 0.00032965 0.000302046 -0.000413687 0.000705412 0.00307422 0.0013931 0.00125797 0.00130825 0.00116351 0.000750933 0.0443196 0.00449232 0.00179148 0.00453414 0.303144 0.0713614
urea 0.02536 0.00444597 0.0230853 0.00446511 0.00300599 0.00142293 0.00171834 0.000563007 0.00605427 0.00153549 0.0281648 0.00270735 0.0510975 0.00500451 0.0238971 0.0051567 0.00112798 0.00445498 -0.00252031 0.00293402 0.000823286 0.00107688 -0.000795678 0.000283688 5.74739e-05 0.000726075 0.000974662 0.00114591 -0.000626131 0.001218 -0.000209195 0.000522028 0.0425914 0.00460091 -0.00116792 0.00459819 0.162383 0.00922577
vitamin_d 0.0323599 0.0055801 0.0245131 0.00874658 0.00593037 0.00399868 0.000770814 0.000454142 0.00355036 0.00108627 0.0106671 0.00294368 0.047405 0.0143377 0.0177222 0.00523581 0.00677152 0.00386556 -0.0037676 0.00243933 0.00304436 0.00113476 0.000249317 0.000321545 0.000505187 0.000595068 -0.00102796 0.00118946 0.000836166 0.00118924 0.000270123 0.000554461 0.00785593 0.00387878 0.00688111 0.00388616 0.142919 0.0239154
whr 0.0309159 0.00398689 0.0304842 0.0032226 0.00669355 0.0013891 0.00231654 0.000398248 0.0047357 0.00107438 0.0357482 0.00296766 0.0678479 0.00324342 0.0322833 0.00314964 -0.000334773 0.00388517 -0.00154461 0.00228848 -0.00109225 0.000804474 0.000348683 0.000301931 5.67269e-05 0.00062078 0.000564453 0.00104363 0.00079834 0.00100802 0.000948024 0.000565485 0.00518988 0.00386758 -0.000255406 0.0038773 0.211025 0.00765633
