pheno h0 se0 h1 se1 h2 se2 h3 se3 h4 se4 h5 se5 h6 se6 h7 se7 hge0 sege0 hge1 sege1 hge2 sege2 hge3 sege3 hge4 sege4 hge5 sege5 hge6 sege6 hge7 sege7 h2nxe h2nxe.se  h2gxe h2gxe.se h2g h2g.se
ala_at 0.028609 0.0118183 0.0155198 0.00464193 0.00600169 0.00179517 0.00149107 0.000656325 0.00281278 0.0010498 0.0258433 0.00395571 0.0534164 0.00893584 0.0186475 0.00389263 0.000429103 0.00702291 0.00485114 0.00382986 -0.000477199 0.00143151 -4.28856e-05 0.000609053 0.000613931 0.0011158 0.00025028 0.00214103 0.00810166 0.00212104 0.00468937 0.00250688 0.0776906 0.00732385 0.0184154 0.00728211 0.152342 0.0158569
albumin 0.0402716 0.00975278 0.0252772 0.00578187 0.0101109 0.00246448 0.000984572 0.000814041 0.00502514 0.00133102 0.0353986 0.00534401 0.0637093 0.00498386 0.0229247 0.00416824 0.00191512 0.00753964 -0.00082848 0.00448494 -0.00192846 0.00174849 0.000332074 0.000579496 0.000429962 0.000995729 0.000184008 0.0023654 8.63401e-05 0.001993 -0.00314477 0.00284324 -0.105398 0.00856055 -0.0029542 0.00841075 0.203702 0.0188019
alcohol_freq 0.0137256 0.00616445 0.02082 0.0045237 0.00373288 0.00169524 0.000144361 0.000497782 0.00272415 0.000891562 0.0188618 0.00231827 0.0382484 0.00273872 0.0184702 0.00354145 0.00493068 0.00693444 -0.0032217 0.00373091 0.00292842 0.00166274 0.000352188 0.000518173 -0.000567469 0.000928824 -0.00085899 0.00182156 -0.00207608 0.00167797 -0.00296938 0.00115482 -0.121331 0.00770873 -0.00148233 0.00760097 0.116727 0.00853581
alka_phos 0.0728333 0.0290699 0.032628 0.0152527 0.0139792 0.00716189 0.000911102 0.00146039 0.0109948 0.00538445 0.0553685 0.012943 0.152958 0.0554132 0.0416322 0.0127416 0.020165 0.0110161 -0.00474738 0.00475877 -0.000129836 0.00182207 0.00129535 0.000470286 -0.000394448 0.00082791 0.00517676 0.00224691 7.10724e-05 0.00218211 0.00100913 0.00390947 -0.0479514 0.0115581 0.0224457 0.0107248 0.381305 0.0723674
apo_a 0.0507814 0.00961999 0.033269 0.00833723 0.00997857 0.00266251 0.00181372 0.00150866 0.0176606 0.0115934 0.0713977 0.0234556 0.104689 0.0173662 0.0362151 0.00708815 -0.00524646 0.00703315 0.00564931 0.00502466 -0.00128516 0.00171599 0.00109957 0.000528606 -0.00130165 0.00103921 0.00214415 0.00378136 -0.00436981 0.00319547 -0.00223092 0.00194336 -0.07012 0.00991062 -0.00554097 0.00926608 0.325805 0.0426813
asp_at 0.0172972 0.0067197 0.0203118 0.00538758 0.00662458 0.00205644 0.00225823 0.000702996 0.00423751 0.00120809 0.0338421 0.00854899 0.0686111 0.00999693 0.0228166 0.00465836 0.017405 0.00725952 0.00311071 0.00456426 -0.00125522 0.00150069 9.41481e-05 0.000566746 -0.000249609 0.00103184 0.00168963 0.00198746 0.00309786 0.00266911 -0.000415629 0.0027105 -0.0644448 0.00823715 0.0234769 0.00805096 0.175999 0.0174439
basal_metabolic 0.0606076 0.00924198 0.061724 0.00586353 0.015098 0.00271085 0.00433024 0.00090271 0.00705587 0.0013391 0.0609301 0.00521285 0.129921 0.00714525 0.0627669 0.0102914 0.00627844 0.0068804 -0.00243486 0.00384408 -0.000328701 0.00165883 -0.000291884 0.000643912 -0.000359407 0.000988595 0.000896707 0.00254149 -0.00342709 0.00255413 -0.00590641 0.00326426 -0.0719031 0.00817413 -0.00557321 0.00711013 0.402433 0.0164215
blood_eosinophil 0.0340297 0.00844904 0.0378659 0.00744798 0.0080919 0.00277517 0.00118789 0.000830532 0.0103637 0.00239917 0.0490176 0.00751419 0.0868852 0.00751274 0.0422372 0.0087206 0.00184062 0.00723332 0.000415067 0.00433152 0.00119016 0.00183525 0.000367796 0.000536191 -0.00146517 0.00111356 0.00210737 0.00231185 0.00335327 0.00260168 -0.00215718 0.00256149 -0.0119885 0.00888964 0.00565193 0.00859672 0.269679 0.0203372
blood_lymphocyte 0.0459412 0.00861183 0.0329228 0.00567002 0.0101766 0.00234172 0.00310601 0.00116336 0.00825431 0.00231727 0.052048 0.00978968 0.0824158 0.00589189 0.0402431 0.00623666 0.00406379 0.00794939 0.000300847 0.00412821 -0.000892362 0.00167264 -0.000590561 0.000559275 -0.00198052 0.0012293 -0.00132323 0.00213111 -0.000155842 0.0024387 -0.000926755 0.00188317 -0.0904435 0.00784783 -0.00150463 0.00766504 0.275108 0.0192657
blood_mch 0.0545303 0.0112418 0.0431809 0.0099481 0.00576835 0.00286046 0.00212622 0.00129943 0.00562184 0.00224682 0.0636299 0.0170421 0.115352 0.0181847 0.0435824 0.00933968 -0.000833844 0.00730133 0.00165571 0.00425383 0.00270252 0.00153616 0.000747043 0.000629527 0.000124389 0.00116416 -0.000902326 0.00225187 -0.00375056 0.00234393 0.00138439 0.00159576 -0.0187655 0.00835147 0.00112732 0.00805584 0.333791 0.0375512
blood_monocyte 0.0531088 0.0112102 0.0334009 0.00811152 0.00398097 0.00187093 0.00192547 0.000803102 0.0121124 0.00371536 0.0655101 0.0197443 0.100851 0.0115796 0.0412684 0.00704726 0.0010667 0.00765978 0.00452509 0.00431871 0.00120716 0.00159172 -0.000878757 0.000555483 -0.00110027 0.000881934 -0.00449067 0.00281412 0.000168868 0.00261486 0.00192316 0.0022189 -0.0434412 0.00809485 0.00242128 0.00746258 0.312158 0.0285321
blood_mpv 0.065672 0.0128309 0.0699755 0.0193254 0.00912083 0.00428392 0.00399283 0.00147098 0.0143255 0.00463272 0.0692959 0.0120622 0.192864 0.0319346 0.0662393 0.0123945 0.0102466 0.00727478 -0.000743095 0.00468267 -0.000218216 0.00191692 0.00072685 0.000679192 -0.00100365 0.00107106 -0.000393842 0.00252468 0.00381361 0.00287275 -0.00106642 0.0025143 -0.0426898 0.010455 0.0113619 0.00911493 0.491486 0.0517763
blood_mscv 0.0705609 0.00995359 0.0488871 0.00888448 0.00866044 0.00378796 0.00141246 0.000710283 0.00667677 0.00165454 0.0535397 0.00928415 0.0840411 0.0105821 0.0442223 0.0082222 -0.00803679 0.00657411 0.000476875 0.00425288 0.000727154 0.00152461 0.000145307 0.000655627 -0.000459733 0.00107131 0.00136299 0.00187758 0.00128079 0.00227561 -0.00222423 0.00146446 -0.00561183 0.00840688 -0.00672764 0.00775985 0.318001 0.0256827
blood_platelet 0.0768184 0.0115311 0.0657586 0.0153494 0.0132977 0.00338128 0.000976845 0.000876431 0.00971979 0.0027904 0.0659383 0.00966567 0.129693 0.0125991 0.0466949 0.00887406 0.0024581 0.00657754 -0.00357896 0.00404461 -0.00144132 0.00166192 0.00125254 0.000565932 0.000487036 0.00112955 0.000620579 0.00212795 0.00266769 0.0027528 0.00112943 0.00146649 -0.0474322 0.00876883 0.00359509 0.0078379 0.408898 0.0318439
blood_platelet_distrib_width 0.0692718 0.0205135 0.0512846 0.0143406 0.00989494 0.00512424 0.000229565 0.00069854 0.00992792 0.00411491 0.0415075 0.00669544 0.112427 0.0136609 0.0548532 0.00958487 0.000600302 0.0075184 0.00033524 0.00454393 0.00481857 0.00176243 -0.000739576 0.000536969 0.00150854 0.00103173 0.000763267 0.00197658 -0.000506071 0.00264778 0.00167122 0.00194576 -0.000726783 0.0088172 0.00845149 0.00819601 0.349397 0.0451648
blood_rbc_count 0.0617064 0.00837461 0.0457955 0.00726848 0.00816772 0.00274686 0.00197919 0.000954029 0.00996681 0.00249805 0.0527944 0.00589416 0.101107 0.0115143 0.0471805 0.00684927 -0.00985588 0.00706955 -8.00459e-05 0.00441501 0.000275516 0.00180068 0.000436507 0.000724849 0.000232704 0.00109364 0.000932335 0.00193413 0.00275349 0.00220854 -0.0016224 0.00193075 -0.159406 0.00773153 -0.00692777 0.00700603 0.328698 0.0251704
blood_rbc_distrib_width 0.052435 0.00926068 0.0238773 0.00659268 0.0085285 0.00274201 0.000600648 0.000654314 0.00455498 0.00155985 0.0445691 0.00983647 0.0890676 0.00912583 0.0450648 0.00662582 -0.00225325 0.00672792 0.00941469 0.00403621 -0.000313049 0.00145348 0.000157464 0.000495258 0.000534255 0.00115609 0.00825683 0.00233406 -0.00392686 0.00259796 -0.000868006 0.00178614 -0.0135009 0.00794373 0.0110021 0.00762414 0.268698 0.023121
blood_reticulocyte 0.0377097 0.00889482 0.0443531 0.00748734 0.0117177 0.00353583 0.00277807 0.000645934 0.00593038 0.00167652 0.0500078 0.0101372 0.0814936 0.00891672 0.0560323 0.00908944 0.00466481 0.00733631 -0.0114216 0.00376944 -0.000206669 0.00157441 -0.000680954 0.000513627 -0.000213461 0.000978762 0.00133853 0.00224695 0.00429878 0.0021726 -0.00132902 0.00265477 0.0351679 0.00833708 -0.00354961 0.00784867 0.290023 0.020956
blood_wbc_count 0.0463818 0.00829485 0.0381913 0.00531157 0.00589419 0.00219173 0.00253824 0.000860062 0.00627326 0.00152541 0.0486647 0.00508694 0.0811542 0.00492506 0.0409811 0.00609212 0.00525183 0.00676166 -0.000688266 0.00388116 0.00201678 0.00180523 4.73733e-05 0.000574148 -0.000988008 0.00114198 -0.000875774 0.00213961 0.0011144 0.00207195 0.000351866 0.00189227 0.0190236 0.00802336 0.0062302 0.0076562 0.270079 0.0174978
bmd_heel_tscore 0.0597321 0.0237418 0.0508625 0.0154757 0.0102193 0.00535122 0.00426835 0.00200739 0.0134341 0.00546181 0.0533455 0.00863039 0.147732 0.0165581 0.0606088 0.0115924 0.00237882 0.0225582 0.0093826 0.011679 0.00252579 0.00425099 -0.000666598 0.00155535 0.00221967 0.00332217 0.00622021 0.00560472 -0.00492953 0.00637728 0.00388415 0.00278695 -0.100385 0.022214 0.0210151 0.0214649 0.400202 0.0346799
bmi 0.0423869 0.00722772 0.036902 0.00481494 0.0123016 0.00225693 0.00259376 0.000840918 0.00616834 0.00119441 0.0461124 0.00354151 0.0999251 0.00675535 0.0543017 0.00605102 0.0112629 0.00650548 0.00964011 0.003982 -0.00163575 0.00145872 0.000917469 0.000514151 0.000203587 0.00101964 -0.000996715 0.0021166 0.0043718 0.00213599 0.00101364 0.00206897 0.0772016 0.00765799 0.0247771 0.00709338 0.300692 0.0114061
bp_diastolic 0.0365464 0.00666862 0.0217811 0.00422149 0.00617256 0.00205885 0.00125633 0.000535531 0.00355623 0.0010584 0.0204164 0.00260634 0.0473992 0.00299435 0.0237569 0.00361931 0.00294648 0.00730812 0.00811614 0.00387288 0.000338456 0.00183835 0.000316686 0.000610111 0.00128765 0.001107 0.011347 0.00224354 0.0194686 0.00241643 0.0106701 0.00163095 -0.0392966 0.00759707 0.0544911 0.00766048 0.160885 0.00898759
bp_systolic 0.0289342 0.00674706 0.0191527 0.00427851 0.00616804 0.00185622 0.000715923 0.000595143 0.0035837 0.00122715 0.0270578 0.002986 0.0489758 0.00303717 0.0287155 0.00245878 0.0166297 0.00775088 0.00890943 0.0037605 0.00132781 0.00175216 0.000586129 0.000603839 0.000277063 0.0010931 0.00724606 0.00243441 0.0209034 0.00257951 0.00824472 0.00204731 -0.0523719 0.00873155 0.0641243 0.00873483 0.163304 0.00874108
calcium 0.0381846 0.00897762 0.0188947 0.00608302 0.0137709 0.00399712 -0.000351482 0.000674803 0.00520876 0.00178877 0.0279012 0.00415811 0.0504843 0.00474518 0.029373 0.00670231 -0.00818709 0.00828154 0.00215304 0.0046502 -0.0025725 0.00185468 0.000661563 0.000468898 0.00102062 0.00112131 0.000741274 0.00194587 0.00449213 0.00229301 -0.00120811 0.00115912 -0.0639987 0.00868476 -0.00289906 0.00886986 0.183466 0.0160066
cholesterol 0.0309475 0.0106374 0.0539567 0.0198335 0.00444067 0.0019946 0.0011749 0.000592017 0.00507734 0.0027787 0.0602091 0.0275011 0.0664487 0.00957213 0.0325005 0.00598553 0.0126315 0.00798781 0.0176826 0.00957288 -0.000443288 0.00194528 -9.08396e-05 0.000529663 0.0012099 0.00102682 0.0201693 0.0131337 0.0164955 0.00434585 0.00919698 0.00240557 -0.0462353 0.0221631 0.0768516 0.0221128 0.254756 0.0446779
corneal_hysteresis -0.0223905 0.0329376 0.0322161 0.0182268 0.00926657 0.00719536 0.00102947 0.0024043 0.0165574 0.00471398 0.0656083 0.0109081 0.133408 0.014891 0.0517435 0.00694896 0.0352044 0.0311259 0.00560108 0.0162325 -0.00481711 0.00661924 0.0020662 0.00222699 -0.00433354 0.00480878 -0.00290133 0.00810411 -0.00400159 0.00827998 -0.0045808 0.00345229 -0.067678 0.0360582 0.0222373 0.0353794 0.287439 0.0421372
c_reactive_prot 0.0512076 0.0140558 0.0328186 0.00845936 0.0064709 0.00241509 0.000766539 0.000664773 0.00482258 0.00299699 0.0683157 0.0387287 0.0794039 0.018963 0.040064 0.00752444 0.000428522 0.00687764 0.00518922 0.00423585 -0.00163102 0.00184921 0.000703488 0.000513352 -0.00111835 0.0010762 -0.00483769 0.00488836 0.0090444 0.00280835 0.00499424 0.00296656 0.0404615 0.00863438 0.0127728 0.00863166 0.28387 0.0501434
creatinine 0.0470108 0.00967273 0.0421397 0.00617974 0.0079143 0.00206501 0.00288459 0.000827313 0.00783237 0.00275285 0.0493102 0.00549505 0.0881032 0.00572092 0.0475479 0.00479699 -0.0050673 0.00843148 -0.0015741 0.00431934 0.00159904 0.00174787 -0.000852341 0.000538585 0.00051252 0.00144571 -0.00141005 0.00233907 0.000128191 0.00230362 -0.00112237 0.00241142 -0.290436 0.00833639 -0.00778641 0.00776217 0.292743 0.0167812
creatinine_urine 0.00709815 0.00771032 0.0161735 0.00374906 0.00238228 0.00139106 0.000442414 0.000475006 0.00254068 0.000894686 0.0145263 0.00209571 0.0236596 0.00252301 0.0128103 0.00207355 0.00384942 0.00763823 -0.00641596 0.00369488 0.00147752 0.001529 -7.23524e-05 0.000511685 -0.00110758 0.000890563 -0.00274133 0.00176907 0.00621365 0.00204996 -0.000461013 0.00117568 0.0365025 0.00794421 0.000742351 0.00800192 0.0796332 0.00812958
cystatin_c 0.0600304 0.0161118 0.0353998 0.0105352 0.0120609 0.00230042 0.00132224 0.00134678 0.00902311 0.00213658 0.0446428 0.00605461 0.0992159 0.0125524 0.0815762 0.0376683 0.00155892 0.00810849 0.0123308 0.00443308 -0.00333397 0.00199841 0.000212898 0.000492924 -0.00162435 0.00153771 0.000683825 0.0025444 0.000608833 0.00274904 -0.00299452 0.00193883 -0.23023 0.0103766 0.00744243 0.0089118 0.343271 0.0669603
fev1_fvc 0.0346191 0.00752093 0.0333469 0.00537055 0.00793794 0.0018505 0.00176991 0.000758982 0.00359169 0.00111499 0.038924 0.0041763 0.0869858 0.00610099 0.0394617 0.00323686 0.0110725 0.00831789 0.00148113 0.00535488 -0.000467484 0.00186574 0.0001948 0.00071943 0.00154078 0.00119139 0.00137378 0.00256271 0.00189401 0.00237026 9.21709e-05 0.00260898 -0.0781333 0.00887868 0.0171817 0.00895002 0.246637 0.0126554
fvc 0.0534128 0.00963337 0.0468581 0.00531014 0.0129579 0.00211091 0.00279088 0.000809918 0.00488517 0.00153741 0.0531881 0.00447157 0.0910968 0.00468891 0.0505057 0.00575753 0.00822285 0.00893725 -0.00543027 0.00441262 -0.00125516 0.00183082 0.000131305 0.000667484 0.00148034 0.00111974 -0.0043234 0.0022795 0.00152183 0.00240602 -0.00294199 0.00254636 -0.0997556 0.00961369 -0.00259449 0.00885529 0.315696 0.0150175
ggt 0.0544235 0.0120175 0.0270543 0.00739232 0.00548348 0.00218211 0.00213321 0.000667693 0.00474762 0.00291513 0.0833466 0.0415576 0.0765674 0.00841861 0.0354843 0.00549498 0.0103147 0.00818453 0.00811649 0.00467185 0.00253526 0.00150429 -6.80734e-05 0.000493957 0.00137385 0.00100554 0.00167348 0.00405333 0.0116746 0.00280031 0.0052923 0.00150986 0.0442555 0.00987498 0.0409126 0.00861351 0.289241 0.0469535
glucose 0.0235713 0.00757154 0.0104897 0.00527185 -0.00223766 0.00220745 0.00122027 0.000697807 0.00162838 0.00155628 0.0320097 0.00733268 0.0403625 0.0058647 0.0139066 0.0021277 0.00342263 0.00758972 0.00704686 0.00498518 0.00468752 0.00208731 -0.00028068 0.000637264 -0.000120138 0.00138068 -0.00862256 0.00306533 -0.00363239 0.00251391 -0.00115377 0.00142237 -0.387712 0.00842473 0.00134747 0.00855587 0.120951 0.0157402
hair_color 0.0776663 0.0367805 0.0267913 0.012814 0.00265105 0.00279327 -0.000258037 0.00072981 0.0756505 0.0622221 0.0236848 0.0173551 0.102294 0.0376645 0.0328796 0.0108387 -0.00449925 0.00729698 0.000479422 0.00371183 0.00159664 0.00143982 6.97497e-05 0.000451477 3.102e-06 0.00231679 -0.00279321 0.00229867 0.000455478 0.00256242 -0.00167663 0.00162496 -0.0593555 0.00893522 -0.0063647 0.00796809 0.34136 0.101297
hba1c 0.0455801 0.00933895 0.0283738 0.00604296 0.0104544 0.00303384 0.00174634 0.000739487 0.00554862 0.00275531 0.0879961 0.0237034 0.0813691 0.00794866 0.0484826 0.00976948 0.00711662 0.0076164 0.00712827 0.0052971 -0.00116429 0.00173533 -0.00135886 0.000506871 -0.00182936 0.00130804 -0.00643315 0.00617189 -0.00474326 0.00297314 0.000303095 0.00352552 -0.291321 0.0102884 -0.000980923 0.010091 0.309551 0.0269756
hdl 0.0523641 0.0118331 0.03869 0.00866763 0.00940824 0.00274954 0.000961325 0.0011326 0.018127 0.00980828 0.0890076 0.0389714 0.126921 0.023466 0.0480912 0.00800692 -0.00746518 0.00888122 0.00328784 0.00409126 -0.00198029 0.00201898 0.00176948 0.00065035 -0.0034692 0.00122779 0.00182688 0.00336678 -0.00355867 0.00300493 -0.00517828 0.00184975 -0.0814597 0.0111584 -0.0147674 0.00973002 0.38357 0.0573817
height 0.139348 0.0159843 0.0948888 0.00953298 0.0274839 0.00451381 0.00694081 0.00159141 0.0133103 0.00305367 0.106064 0.0100172 0.204417 0.0124756 0.10035 0.0162027 0.00630819 0.00751594 0.00458031 0.00521776 -0.000466076 0.00184882 -0.00157117 0.000764927 0.000618387 0.00110627 0.00304076 0.00253909 -0.00304818 0.00276162 -3.90825e-06 0.00304503 -0.00739312 0.0114866 0.00945831 0.00907648 0.692803 0.0365644
igf1 0.0424992 0.0111358 0.0409975 0.00632268 0.0107808 0.00278704 0.00280178 0.000828716 0.00703272 0.0016914 0.0548313 0.00627585 0.101691 0.0112815 0.059433 0.00572681 0.00495609 0.00827898 0.000931055 0.00454213 -0.000807975 0.00196012 -0.000584944 0.000619833 0.000258837 0.00134453 -0.00471296 0.00227512 0.00145533 0.00287104 -0.00421693 0.00216394 -0.123016 0.00928751 -0.0027215 0.00824835 0.320067 0.022981
ldl 0.0239134 0.0140686 0.0604175 0.028457 0.00398929 0.00213582 0.000695219 0.000558774 0.00131735 0.0012307 0.0736728 0.0416182 0.0587278 0.0103216 0.0279312 0.00618177 0.0137137 0.00857616 0.0266762 0.0140301 -0.000721939 0.00169154 6.81357e-05 0.000492254 0.00130177 0.00089141 0.0254437 0.0158381 0.0195292 0.00458481 0.00890184 0.00216734 -0.00795846 0.0288208 0.0949126 0.0279901 0.250665 0.0600918
microalbumin -0.00433819 0.0195317 -0.00532836 0.0108805 0.00926805 0.00392553 -0.00377923 0.0011367 0.00148102 0.00279885 0.0147407 0.00396 0.0145234 0.00516726 0.0105 0.00310516 -0.000266014 0.0194956 0.00788823 0.0115978 -0.0101595 0.00417232 0.00366419 0.00136109 -0.00114902 0.00238662 -0.000696628 0.00408491 -0.00317246 0.00522164 -0.00495071 0.00238965 -0.123537 0.0206335 -0.00884187 0.0205706 0.0370674 0.0195651
overall_health 0.0282371 0.00704397 0.0202624 0.00385367 0.00634457 0.00150715 0.000715128 0.000549607 0.00183182 0.000996626 0.0184241 0.00202088 0.0383343 0.00244377 0.0232055 0.00241973 0.0069012 0.00689887 -0.00157992 0.00381039 -0.00119937 0.00155873 0.000456354 0.000616144 0.000189238 0.000978919 -0.00220839 0.00168958 -0.000384803 0.00202265 -0.00278643 0.0011584 -0.113392 0.00683512 -0.000612128 0.00680346 0.137355 0.00759274
phosphate 0.0480364 0.00853669 0.0180715 0.00515248 0.0060191 0.00213247 0.00188751 0.000672287 0.00326849 0.00126739 0.0291473 0.0048159 0.0643963 0.00842912 0.0178557 0.0026368 -0.0102409 0.00819184 -0.00220614 0.00475672 0.000304173 0.00196704 -0.000176233 0.000570869 0.000213032 0.000997983 -0.00336726 0.00184105 -0.00205103 0.00233691 -0.000495136 0.00185853 -0.0459054 0.00766813 -0.0180194 0.00750643 0.188682 0.0156604
potassium -0.0042304 0.00714954 0.00679889 0.00382035 0.000425375 0.00156018 4.21712e-05 0.000450543 0.00207981 0.000923907 0.00875241 0.00184868 0.0159912 0.00198377 0.0102023 0.00145144 0.0116908 0.00713001 0.000553925 0.0039306 0.00124162 0.00151828 0.000415118 0.000401699 -0.00085098 0.0010403 -0.00131506 0.0017299 0.00351088 0.00197388 -0.00129656 0.000980119 0.0515683 0.00726987 0.0139498 0.00724252 0.0400618 0.00803287
shbg 0.0700027 0.021135 0.0457672 0.00783848 0.0233264 0.0121841 -0.00033876 0.00098796 0.00880313 0.00267198 0.0486574 0.00874313 0.110262 0.0317803 0.0494785 0.0124272 -0.00834851 0.00718038 -0.00173133 0.00461963 -0.00310422 0.00186469 -4.32566e-05 0.000593824 -0.0022152 0.00103255 0.00244604 0.00233063 -0.00248626 0.00282089 -0.000115597 0.00195193 -0.00242889 0.0100583 -0.0155983 0.00916516 0.355959 0.0707656
sodium 0.0193359 0.0061624 0.0180769 0.00370759 0.000589162 0.0017133 0.000610008 0.000511561 0.00262993 0.00103994 0.0109613 0.00187697 0.0266543 0.00239071 0.015328 0.00227287 0.00142849 0.00682464 -0.00489886 0.00361714 0.00207434 0.00176437 0.000474172 0.000505187 -0.000272107 0.000984914 0.00433012 0.00176346 0.00359253 0.00225097 0.00188572 0.00110882 0.0254559 0.00725709 0.0086144 0.00733949 0.0941855 0.00670533
testosterone 0.0259912 0.00647046 0.0111319 0.00388422 0.00744546 0.00209691 -0.000353894 0.00063061 0.00193666 0.00109139 0.0151706 0.00277104 0.0352721 0.00730397 0.0176038 0.00456046 -0.015445 0.007168 -0.00421839 0.00426331 -0.000998194 0.00166097 0.000591433 0.000575605 -0.000227445 0.00123981 0.00297643 0.00198677 0.000712815 0.00250888 -0.00130666 0.00127928 0.099257 0.00802348 -0.017915 0.00804221 0.114198 0.0142765
triglycerides 0.0432511 0.0135628 0.0471064 0.0109836 0.0098702 0.00242634 0.000427869 0.000702975 0.00554407 0.00151113 0.0417931 0.00451908 0.0839709 0.0142029 0.0406318 0.0114503 0.00828879 0.00674458 -0.00206683 0.00442094 -0.00134377 0.00186068 0.000155681 0.000454611 -0.000115098 0.00171943 0.000488545 0.00295729 0.0030863 0.00240336 -0.0023511 0.003214 -0.0146739 0.00726822 0.00614252 0.00711191 0.272596 0.0375504
urate 0.0493754 0.0100334 0.0266078 0.0127321 0.0215249 0.0116378 0.000403493 0.00186806 0.00585953 0.00143457 0.0318763 0.00349262 0.0548859 0.0165581 0.0836167 0.0583997 0.00201044 0.00731576 0.0130048 0.00567647 0.00430697 0.00399112 -0.000401713 0.000760364 -0.000622448 0.00115368 0.00145891 0.00221258 0.00462433 0.00328515 0.00621552 0.0096263 -0.238996 0.0134201 0.0305968 0.0118865 0.27415 0.0615233
urea 0.0274656 0.00766343 0.0175031 0.00507906 0.00370135 0.00202044 0.00179086 0.000608861 0.00650472 0.00197751 0.0289241 0.00323197 0.0526777 0.00502139 0.0254836 0.00592334 -0.00382627 0.00769863 0.00744104 0.00416018 -0.000631618 0.00152173 -0.000145159 0.000480723 -0.000493309 0.00125441 -0.00100164 0.00214692 -0.00119459 0.00199291 -0.00420642 0.00137 -0.18026 0.00855366 -0.00405797 0.00826366 0.164051 0.0120749
vitamin_d 0.034105 0.00821343 0.0239354 0.00904941 0.00538131 0.00452185 0.00107042 0.000600362 0.00355174 0.00123748 0.0135488 0.00343225 0.0457913 0.0144451 0.0222204 0.00452313 -0.000337147 0.00678057 -0.000496797 0.00428945 0.00017995 0.00176891 -0.00052112 0.000509169 -9.0433e-05 0.00119201 -0.00345281 0.00196406 0.00112074 0.0019389 -0.00163834 0.00109315 -0.0637344 0.00703109 -0.00523596 0.00699977 0.149604 0.0256669
whr 0.0282087 0.00699719 0.0344618 0.00496025 0.00866377 0.00183505 0.0017171 0.000630558 0.00484653 0.00120798 0.0329468 0.00355029 0.0655546 0.00369188 0.0309182 0.00391026 0.00415868 0.00775048 -0.0030794 0.00423943 -0.00247367 0.00152901 0.00112992 0.00059454 -0.000146947 0.000973353 0.0027685 0.00218049 0.00346693 0.00229157 0.00118129 0.00130459 -0.0129077 0.00796668 0.00700531 0.00780406 0.207317 0.0091628
