pheno h0 se0 h1 se1 h2 se2 h3 se3 h4 se4 h5 se5 h6 se6 h7 se7 hge0 sege0 hge1 sege1 hge2 sege2 hge3 sege3 hge4 sege4 hge5 sege5 hge6 sege6 hge7 sege7 h2nxe h2nxe.se  h2gxe h2gxe.se h2g h2g.se sigma2_e sigma2_e.se
ala_at 0.0349921 0.00961373 0.0197502 0.00390451 0.0057282 0.0016482 0.00142911 0.000508109 0.00330464 0.000738522 0.0269203 0.00344742 0.0630146 0.00874714 0.0248904 0.00507889 -0.00145881 0.00462616 6.21469e-06 0.0024705 -0.0001795 0.000901962 0.000268032 0.000274892 -0.000600556 0.000562561 0.0021351 0.00100185 0.0024065 0.00112373 0.00105299 0.000640498 -0.232166 0.0122734 0.00362997 0.00472969 0.18003 0.01412 0.904141 0.0156234
albumin 0.0419615 0.00770822 0.0240979 0.00448605 0.00797625 0.00191167 0.00124219 0.000530124 0.00526459 0.00106285 0.0355016 0.00517852 0.0635366 0.00465032 0.0221275 0.00409008 0.00144547 0.00416775 -0.00048773 0.00241737 0.00153355 0.00109394 0.000719299 0.000470654 -0.000929625 0.000596968 0.000167242 0.00129951 0.00253997 0.0011395 0.00038065 0.000627905 -0.248638 0.0155174 0.00536883 0.00429445 0.201708 0.0171728 0.99233 0.0206933
alcohol_freq 0.0196816 0.00402025 0.0187284 0.00331231 0.00593684 0.00124555 0.000413174 0.000364399 0.00224095 0.000581563 0.0184242 0.00176762 0.0375631 0.00218135 0.0164589 0.00372769 0.00283456 0.00423739 0.000385973 0.00234089 0.00120052 0.000811392 -0.00035833 0.000284445 0.000441517 0.000473955 0.000697528 0.000951098 0.00166453 0.00100586 0.00217551 0.000486472 -0.611411 0.00945459 0.00904181 0.00425013 0.119447 0.00589454 1.4239 0.0112031
alka_phos 0.0872723 0.0337607 0.0272943 0.0146029 0.0116116 0.00683097 0.00188207 0.00140928 0.0103562 0.00532391 0.0591198 0.0126604 0.14938 0.0546288 0.0524083 0.0106554 0.0040735 0.00419539 0.00296587 0.00272725 0.000677851 0.000875523 -0.00044532 0.000291963 0.000895888 0.000499815 0.00214687 0.00114696 0.00394911 0.00139551 0.000773579 0.000498528 -0.377567 0.0301932 0.0150374 0.00408524 0.399325 0.0748074 0.904754 0.0712869
apo_a 0.04363 0.00802089 0.038306 0.00727081 0.0091331 0.00234821 0.00281243 0.00154629 0.0164965 0.0110674 0.073466 0.0255395 0.102082 0.0175648 0.0346242 0.00613745 0.00457483 0.00389867 0.00179625 0.0026263 -3.26813e-05 0.0010468 0.000173559 0.000317901 0.000928117 0.000731154 0.00149455 0.00125733 0.00476263 0.00123971 0.00199664 0.000536346 -0.0659741 0.0252661 0.0156939 0.00461741 0.32055 0.0418758 0.613322 0.0395263
asp_at 0.0317775 0.00403001 0.0221826 0.00396939 0.00541017 0.00162082 0.00238031 0.000542743 0.00391757 0.000922653 0.0349927 0.00831308 0.0707471 0.00935727 0.0241112 0.00526597 0.00420822 0.00491122 0.00186294 0.0023341 -0.000860316 0.000858574 0.000214344 0.000281729 -0.000804246 0.000525131 0.00165075 0.00105906 0.00145821 0.000965997 0.00178411 0.000663416 -0.134439 0.017018 0.009514 0.00501113 0.195519 0.0165902 0.835917 0.0208802
basal_metabolic 0.065467 0.00724113 0.0593623 0.00557892 0.0149062 0.00250312 0.00416322 0.000699757 0.00666878 0.00126255 0.0607425 0.00479718 0.126723 0.00689631 0.0568163 0.0127798 -0.00154275 0.00392512 -0.00153876 0.00256935 0.00135946 0.00093838 0.000134605 0.00028815 -8.52953e-06 0.000486891 0.00314468 0.000918601 0.00251244 0.00103223 0.00217504 0.000523986 -0.491913 0.031251 0.0062362 0.00396109 0.394849 0.0149483 0.458049 0.0151144
blood_eosinophil 0.0338573 0.00628368 0.0380692 0.00659643 0.00895311 0.00225442 0.00147755 0.000741314 0.00902737 0.00225896 0.0511866 0.00726439 0.0891386 0.00693604 0.0425101 0.00890889 0.00149477 0.0037291 0.00404408 0.00209656 0.000682826 0.000968416 -4.54382e-05 0.000272792 -4.68836e-05 0.000471756 -0.000678174 0.000955481 0.00151048 0.00101472 0.000991036 0.000610261 0.120782 0.020907 0.00795269 0.00368264 0.27422 0.0183833 0.590538 0.0281316
blood_lymphocyte 0.0507292 0.00541127 0.0333163 0.00495931 0.00992302 0.00215015 0.00255995 0.000951349 0.00694646 0.00217731 0.051193 0.00936997 0.0830451 0.00567869 0.0404764 0.00706405 0.00232562 0.00420852 0.000446567 0.00236837 0.000536586 0.000904278 -3.80678e-05 0.000322495 -0.000123295 0.000593284 0.000656933 0.00110454 0.00197758 0.000975938 0.00129894 0.00055885 0.0963491 0.0209685 0.00708086 0.00410685 0.27819 0.0182123 0.609453 0.0268473
blood_mch 0.0548986 0.00928054 0.0449067 0.0100636 0.00804198 0.00257236 0.00281405 0.00121735 0.00576939 0.0021508 0.0625714 0.0169828 0.11363 0.0180622 0.0459728 0.00931073 0.00810077 0.00406409 -0.000163743 0.00241214 -0.000185783 0.000926113 2.69741e-05 0.000277897 -0.000165205 0.0005017 0.00116081 0.000973205 0.00107179 0.000985145 0.000196999 0.00045236 -0.0991031 0.0205548 0.0100426 0.00403391 0.338605 0.0374165 0.733005 0.044044
blood_monocyte 0.0584227 0.00924059 0.0370345 0.00754096 0.00578616 0.00197218 0.00128161 0.000648619 0.0113572 0.00348049 0.0628678 0.0186469 0.102007 0.0115922 0.0407256 0.00895198 0.00896675 0.00410299 0.0030168 0.00218931 0.00235081 0.00089294 -8.84271e-05 0.00025703 -0.000222506 0.000623616 0.0006408 0.000874127 0.00146273 0.00110218 -6.35276e-05 0.000460116 0.254455 0.0192085 0.0160634 0.00436184 0.319483 0.0285654 0.383556 0.0344464
blood_mpv 0.0696941 0.0115266 0.0664729 0.0181254 0.00940843 0.00428188 0.0042423 0.00149218 0.0138585 0.00476799 0.0705378 0.0125743 0.194272 0.0319934 0.0630841 0.0117928 0.00323334 0.00397263 0.000951363 0.00258805 0.00068613 0.00100781 -0.000376725 0.000271555 0.000881556 0.000601798 7.3846e-05 0.000909132 -0.000253359 0.00102254 0.000748218 0.000546872 -0.0432062 0.0338024 0.00594437 0.0042626 0.49157 0.0506081 0.544239 0.0621312
blood_mscv 0.0667171 0.00835173 0.0500852 0.00902969 0.0105641 0.0040544 0.00174344 0.000726693 0.00636036 0.00161699 0.0561769 0.00953269 0.0865031 0.0108983 0.0350235 0.0122184 0.00368994 0.00380441 -0.00118279 0.00216712 0.000689904 0.00101908 0.000317441 0.000281075 0.000564322 0.000603505 0.00158777 0.0012152 0.00127279 0.00108901 0.00115718 0.000586854 -0.0525595 0.0209232 0.00809655 0.0041377 0.313174 0.0253426 0.722231 0.0339862
blood_platelet_distrib_width 0.0700879 0.0205436 0.0507446 0.0152679 0.0147657 0.0056585 -0.00029092 0.000595071 0.0110212 0.00445345 0.0428031 0.00655087 0.111828 0.0137561 0.0507372 0.010683 0.000485768 0.00358695 0.00122791 0.00238237 -0.000373159 0.00087076 -0.000119725 0.000278716 0.000878434 0.000586108 0.000239273 0.00108062 0.00198765 0.00110774 0.000133712 0.000505803 -0.195307 0.0255478 0.00445987 0.0042305 0.351697 0.0461333 0.819286 0.0510338
blood_platelet 0.0801477 0.0101699 0.0633477 0.0150182 0.0123316 0.00316692 0.00200293 0.000785232 0.0101978 0.00280545 0.0658991 0.00974014 0.132941 0.012958 0.0488626 0.00900057 -0.000398645 0.00493195 -0.000238093 0.0022331 0.00037378 0.000949043 6.94994e-05 0.000285879 -3.01211e-05 0.000549039 0.00179741 0.000892874 0.00193551 0.00095374 0.000825313 0.000436858 0.0429445 0.0236808 0.00433465 0.00487754 0.415731 0.0322994 0.501449 0.0407777
blood_rbc_count 0.0568624 0.00652495 0.0459493 0.00724128 0.00949847 0.00299138 0.00256316 0.00086698 0.0102481 0.00219675 0.0541529 0.00591049 0.104391 0.011394 0.0374415 0.0126432 0.00649741 0.00394733 0.00353269 0.00263214 0.000925394 0.000874305 0.000103315 0.000335478 0.00081716 0.000514331 0.00168862 0.0011354 0.00562864 0.00103013 0.0021285 0.000585091 0.43325 0.0229563 0.0213217 0.00405043 0.321107 0.0243526 0.162408 0.0261607
blood_rbc_distrib_width 0.0508565 0.00808088 0.0291915 0.00568452 0.00861001 0.00246182 0.000689863 0.000541981 0.0049843 0.00140367 0.0516767 0.0103763 0.0850004 0.0091063 0.0453875 0.00624504 0.00367179 0.00412226 0.00735329 0.00253317 0.000455802 0.000874363 1.46234e-05 0.000261118 -0.000727151 0.000586042 0.00121501 0.00103425 0.00121004 0.00101786 6.5768e-05 0.0005697 -0.799587 0.0217967 0.0132592 0.00428938 0.276397 0.0232798 1.48675 0.0303684
blood_reticulocyte 0.0475769 0.00692353 0.039253 0.00801375 0.0131808 0.00400237 0.00265191 0.000629013 0.00577353 0.00138959 0.0520661 0.00953296 0.0904835 0.00955506 0.045676 0.0149427 0.00594213 0.00366002 0.00176007 0.00220537 0.00162423 0.000927249 -0.000267349 0.000295109 0.000493259 0.000470039 -0.000145719 0.00100738 0.00405326 0.0010056 0.00115747 0.000487535 -0.00643344 0.0229846 0.0146173 0.00387459 0.296662 0.0218077 0.681891 0.0327088
blood_wbc_count 0.0530203 0.00592133 0.0375822 0.00528061 0.00853514 0.0020197 0.00258999 0.000945302 0.00571104 0.00135829 0.0492476 0.00470858 0.0829399 0.00468206 0.0379004 0.00790061 0.00772862 0.00379049 0.00393498 0.00275781 0.000478488 0.00089901 -1.50552e-05 0.000312777 0.000188776 0.000604703 0.00201221 0.00120833 0.00350567 0.00117122 0.000545925 0.000467476 -0.0524805 0.0207174 0.0183796 0.00416671 0.277527 0.0153735 0.751277 0.0253907
bmd_heel_tscore 0.0688442 0.0147424 0.0572359 0.010869 0.0109841 0.00374206 0.00351432 0.00146416 0.0154196 0.00480005 0.0568869 0.00836381 0.140375 0.0167802 0.0693791 0.00890886 0.0216769 0.012768 -0.00199384 0.00833513 0.00186582 0.00263458 0.000110098 0.00100745 -0.00523576 0.00170387 1.19646e-06 0.00323104 0.00218415 0.00350168 0.00281126 0.00134905 0.418982 0.0330121 0.0214198 0.0137244 0.422639 0.0322016 0.126007 0.0434983
bmi 0.0560844 0.00535557 0.0455733 0.00500258 0.0123236 0.00245123 0.00348109 0.000602312 0.00688083 0.0010684 0.0469065 0.00312805 0.106952 0.00706173 0.0545745 0.0108931 -0.000868557 0.00383452 0.00246752 0.00224639 0.000456872 0.00094006 2.74964e-05 0.000337631 -0.000486901 0.000552271 0.0027536 0.0010875 0.00360399 0.00104258 0.00204736 0.000586318 -1.27912 0.022538 0.0100014 0.00372738 0.332777 0.0102251 1.89422 0.0247966
bp_diastolic 0.0351478 0.00488995 0.0263216 0.00354906 0.00596763 0.00144449 0.00156854 0.000369117 0.00453615 0.000915624 0.0286518 0.00247627 0.0599392 0.00274935 0.0329356 0.00292384 0.00653166 0.00478 0.00414981 0.00310161 -1.2561e-05 0.00107346 -2.61197e-06 0.000285567 -0.000300855 0.000670856 0.00101882 0.0010891 0.00344283 0.00112327 0.00131791 0.000723984 -0.176703 0.0156768 0.016145 0.0049013 0.195068 0.00842557 0.932723 0.0151977
bp_systolic 0.0396142 0.00438194 0.0242606 0.00318639 0.00715973 0.00130739 0.00103649 0.00039903 0.00399145 0.000818976 0.033097 0.00286077 0.06383 0.00308321 0.0362369 0.00266067 0.0012397 0.00382665 0.00658059 0.00267405 -0.000843408 0.000958682 7.52852e-05 0.000340343 7.03612e-06 0.000580931 0.00123744 0.00122195 0.00283987 0.00115138 0.00103161 0.000644568 -0.772245 0.0161115 0.0121681 0.00406754 0.209226 0.00806641 1.3389 0.0143654
calcium 0.0352519 0.00613213 0.0212535 0.00432172 0.0116848 0.00363318 0.000173664 0.000599475 0.00619931 0.00157331 0.0286329 0.00378906 0.0547733 0.00461395 0.0292101 0.00687619 0.00599984 0.00450182 -0.00138693 0.00255304 -0.000255116 0.00101884 -4.05485e-05 0.000331948 0.000809656 0.00059834 -0.00177472 0.00115377 0.00292559 0.00096093 0.000708884 0.000565596 -0.437057 0.0147456 0.00698665 0.00374465 0.18718 0.0155474 1.20579 0.0236861
cholesterol 0.0286303 0.00751319 0.0426155 0.0156201 0.00340281 0.00158625 0.00119246 0.000466801 0.00419403 0.00221306 0.0461817 0.0222025 0.0484999 0.00689444 0.020434 0.00581311 0.00578787 0.00402803 -0.00116653 0.00283545 0.00109584 0.000964602 -2.43545e-05 0.000254779 0.000674781 0.000698084 0.00342575 0.0012883 0.00457399 0.00112771 0.000814488 0.000567919 0.437669 0.013081 0.0151818 0.00416224 0.195151 0.0354837 0.329996 0.0340158
corneal_hysteresis 0.0150181 0.0175573 0.0351723 0.0123662 0.00827816 0.00518121 0.00214737 0.00147438 0.0138516 0.00336767 0.0645829 0.00864547 0.132012 0.0150717 0.042555 0.00802641 -0.028904 0.0181238 0.00348231 0.0118816 -0.00592894 0.00440452 0.00177843 0.00163705 -0.000146914 0.00263242 -0.00103793 0.00502003 0.00276675 0.00467158 0.00203339 0.0019958 0.303787 0.0280009 -0.0259569 0.0190359 0.313617 0.0309761 0.395769 0.0397075
c_reactive_prot 0.0536804 0.0130322 0.0369659 0.00776373 0.00639409 0.002274 0.00151698 0.000616397 0.00385744 0.00265574 0.0656158 0.0354655 0.0872538 0.0198144 0.0381074 0.00996789 -0.00405078 0.00453092 -0.000561858 0.00232437 -0.000190736 0.000956874 0.00029423 0.000285429 0.00238313 0.000654546 0.00203255 0.0010656 0.00377167 0.00128164 0.0019793 0.000646077 -0.401255 0.0211338 0.00565749 0.00427602 0.293392 0.0490956 1.08086 0.0492924
creatinine 0.0430539 0.00564271 0.0396652 0.00463226 0.00930309 0.00163103 0.00223748 0.000693446 0.00811084 0.00187042 0.048872 0.00487531 0.0864517 0.00510347 0.0480342 0.0043521 0.012181 0.00394447 0.00257042 0.00249031 0.00125079 0.00097702 0.000327912 0.000296501 0.00057717 0.00054631 0.00329812 0.00115709 0.00523627 0.00111011 0.00231875 0.000641888 -0.548315 0.0213287 0.0277605 0.00422857 0.285728 0.0142888 0.794276 0.0174704
creatinine_urine 0.0108446 0.00403069 0.0112573 0.00262449 0.00356908 0.00104735 0.000390168 0.000284362 0.00174722 0.000618704 0.0124888 0.00158322 0.0286825 0.00173077 0.0120905 0.00282136 0.00763657 0.00409469 0.000140106 0.00235526 0.0012024 0.000891917 9.63361e-05 0.000276005 0.000241365 0.000592866 0.00252206 0.00117487 0.000948322 0.00110358 0.00145656 0.000486594 -0.423485 0.00750498 0.0142437 0.00391829 0.0810702 0.00484651 1.16321 0.00772755
cystatin_c 0.0627033 0.0146293 0.0472909 0.0127372 0.0114957 0.00305634 0.00161519 0.00132446 0.00782867 0.00163686 0.045356 0.00549986 0.101425 0.014194 0.0696219 0.0365506 0.00769784 0.00380173 -0.00123492 0.00214547 0.00190475 0.000891195 -1.87116e-05 0.000291879 8.23391e-05 0.000575737 0.00120015 0.00117966 0.00307299 0.000910235 0.000953799 0.000433415 -0.61514 0.030572 0.0136582 0.00406714 0.347337 0.0660704 1.02392 0.0502189
fev1_fvc 0.0471933 0.00552299 0.0361305 0.00496508 0.00834167 0.00182646 0.0021995 0.000577164 0.00473745 0.000793176 0.0401798 0.0034459 0.0898509 0.00673047 0.0330713 0.00904226 -0.0062789 0.00439854 0.00195354 0.00253822 0.00155503 0.00104911 -0.000205293 0.000321501 -0.000327802 0.000632661 0.000827666 0.00129467 0.00120672 0.00103503 0.00106287 0.000592155 0.320986 0.0197848 -0.000206168 0.00443185 0.261704 0.0126479 0.395266 0.024396
fvc 0.0624535 0.00613678 0.0447007 0.00396056 0.0107413 0.00162598 0.00332162 0.000635575 0.00584531 0.00112233 0.0503434 0.0040517 0.0921641 0.00431842 0.0548873 0.00369312 0.00265041 0.00408599 0.00528233 0.00265508 0.000119836 0.000926753 1.36486e-05 0.000301552 -0.000434081 0.000653684 0.000331235 0.0011752 0.00181185 0.00113141 0.000453242 0.000520206 0.831523 0.0231668 0.0102285 0.00446046 0.324457 0.0130702 -0.0842431 0.0138052
ggt 0.065648 0.0147542 0.0344318 0.00696427 0.00811056 0.00229697 0.00220336 0.000545442 0.0058475 0.00288968 0.0860192 0.0390127 0.0881756 0.00821262 0.0369064 0.00920181 0.00345348 0.00408727 0.00232545 0.00231075 -6.77047e-05 0.000810274 -0.000235533 0.000255527 -7.55842e-05 0.000619191 0.00411716 0.0010948 0.00410002 0.00110586 0.00160641 0.000548683 -0.926939 0.0228978 0.0152237 0.00426294 0.327342 0.050024 1.35106 0.0496648
glucose 0.0276193 0.00640969 0.016611 0.00311643 0.00153805 0.00138914 0.00128816 0.000411216 0.00181362 0.000844332 0.0260809 0.00706052 0.0389682 0.00530345 0.0108626 0.00323094 0.0107476 0.00462032 -0.00132142 0.00247195 0.000690144 0.00105226 -0.000487923 0.0002611 8.24453e-05 0.000625477 0.000947044 0.0012111 -0.000329975 0.0012045 0.000801228 0.000653782 0.62717 0.00891564 0.0111292 0.00438065 0.124782 0.0168215 0.2304 0.018003
hair_color 0.0728813 0.0335209 0.0272646 0.0117384 0.00365738 0.0023734 -0.000320915 0.000613418 0.0741103 0.0624856 0.0217993 0.0168471 0.102751 0.0386814 0.0340529 0.0107202 0.00234881 0.0035292 0.00249111 0.00202183 0.000778981 0.000888693 -0.000327887 0.000259829 -0.000467535 0.000542511 -0.000121816 0.00108037 0.00123714 0.00104417 -0.000187564 0.000506471 0.30832 0.0300265 0.00575124 0.00360913 0.336196 0.0992068 0.335468 0.0928556
hba1c 0.055664 0.00751604 0.0336103 0.00472258 0.00898117 0.00257246 0.00100094 0.0006251 0.00532257 0.00236984 0.0828642 0.0253644 0.0813173 0.00791712 0.0507217 0.0100569 0.00132691 0.00378984 -0.000406582 0.00261162 -0.000383513 0.00105692 0.000153898 0.000282827 0.000348931 0.00061126 0.00211591 0.00116752 0.00115775 0.00104369 0.00160526 0.000556979 0.784575 0.0211927 0.00591856 0.00385941 0.319482 0.0280191 -0.100516 0.035167
hdl 0.0494482 0.00977442 0.0439623 0.00902726 0.00893946 0.00277913 0.00257021 0.00121476 0.0154275 0.00901083 0.0918721 0.0399147 0.127061 0.0235221 0.039486 0.00873718 0.00603287 0.00408133 0.000103048 0.00275485 0.00162788 0.00109277 9.51117e-05 0.000321553 0.00104761 0.000732952 0.00243157 0.00114559 0.00652296 0.00122484 0.00183048 0.000598029 0.0810217 0.0290152 0.0196915 0.00430616 0.378767 0.0565926 0.424879 0.045786
height 0.149823 0.0131921 0.0960918 0.00848639 0.0262682 0.0041114 0.00578537 0.00136773 0.0141763 0.00295788 0.108757 0.0101117 0.204577 0.0120934 0.104965 0.0144031 0.000955232 0.00394854 0.00126956 0.00228671 0.000860121 0.000884028 -0.000156304 0.000292958 -0.000145811 0.000536052 0.0036731 0.00107018 0.00297612 0.00104485 0.00140851 0.000456605 -0.0413346 0.041302 0.0108405 0.00386203 0.710443 0.0340816 0.156656 0.0277296
igf1 0.0484851 0.00783408 0.0429578 0.00563593 0.0106975 0.00261143 0.00273676 0.000831522 0.00716426 0.00143853 0.0506452 0.00568207 0.103151 0.0109528 0.0506502 0.0103075 0.000103629 0.00365669 -0.000931189 0.00207654 0.00271754 0.000956597 -0.000300677 0.000263466 0.000927817 0.000420728 0.00346543 0.00107663 0.00744109 0.00125319 0.00253774 0.000891669 -0.280129 0.0248051 0.0159614 0.00379665 0.316488 0.0203502 0.880029 0.0303509
ldl 0.0211795 0.0101826 0.0511979 0.024107 0.00186738 0.00151124 0.000668132 0.00034576 0.00148171 0.000852764 0.0560721 0.0333394 0.0406047 0.00720593 0.0189407 0.00445185 0.00848672 0.00399166 0.00100984 0.00291679 0.00135294 0.000992404 0.000296213 0.000288555 -8.41471e-05 0.000729752 0.00454006 0.00140917 0.00419981 0.00116912 0.00101765 0.000629632 0.207638 0.0108951 0.0208191 0.00456134 0.192012 0.0499922 0.558427 0.050784
microalbumin -0.00208636 0.0130021 0.00273617 0.00676151 0.00174152 0.00255177 -0.00090378 0.000722562 0.000533063 0.00175132 0.0156309 0.00338882 0.0138056 0.00363209 0.00728927 0.00253945 0.0235015 0.013193 0.00275557 0.00784107 -0.00109576 0.0027037 -0.000546976 0.000868863 0.000360768 0.00175936 -0.00167417 0.00342057 0.00310163 0.00321665 0.00186625 0.00160616 0.57194 0.013735 0.0282688 0.0136761 0.0387463 0.0142502 0.357468 0.0151167
overall_health 0.0398275 0.00476222 0.021745 0.00264692 0.00543863 0.00107363 0.00110004 0.000328875 0.00205112 0.000621889 0.018351 0.00160383 0.0422478 0.00199703 0.023905 0.00275966 0.00137406 0.00394176 0.00454811 0.00232805 -0.00088676 0.000767541 0.000312734 0.00023515 -8.49711e-05 0.000533824 0.00124641 0.000933137 0.00192268 0.0010451 0.000616532 0.000529503 0.391275 0.0119378 0.00904879 0.00436067 0.154666 0.00566324 0.417315 0.0119602
phosphate 0.0403629 0.00573748 0.0167767 0.0041548 0.00635281 0.00179356 0.00199839 0.000609614 0.00332977 0.000913941 0.0265252 0.004658 0.0626053 0.00882387 0.014877 0.00505875 -0.00136273 0.00448203 0.00261497 0.00273419 0.000351589 0.00101697 0.000250605 0.000448747 0.00107885 0.000703854 0.00304113 0.0011111 0.00289838 0.00123408 0.000640829 0.000583161 0.47574 0.0109567 0.00951362 0.00455068 0.172828 0.0156786 0.31878 0.0198992
potassium 0.00471975 0.00430108 0.00730802 0.00239911 0.00143882 0.000941765 0.000301891 0.000305132 0.00148471 0.000573144 0.00782583 0.00134097 0.0186056 0.00144134 0.00915829 0.00118903 0.00966048 0.00387468 0.00109921 0.00254809 0.000324426 0.000887072 0.000464347 0.000297258 -0.000933133 0.000597052 0.00131836 0.00114007 0.00130819 0.00109332 0.000601248 0.000496358 -0.362197 0.00547068 0.0138431 0.00393032 0.0508429 0.0051591 1.2668 0.00629301
shbg 0.0637596 0.0193936 0.0451304 0.00749531 0.0222212 0.0115689 -0.000314936 0.000787391 0.00720639 0.00213512 0.0517817 0.00857629 0.111422 0.0308187 0.0487783 0.0125759 0.00984083 0.00430635 0.00293694 0.00267886 0.000823127 0.00101265 -0.000110927 0.000266935 -0.000164442 0.000674327 0.00501126 0.00132215 0.0069882 0.0012771 0.0037093 0.00107192 -1.51354 0.0257832 0.0290343 0.00463216 0.349985 0.0678983 1.7082 0.0527176
sodium 0.0209641 0.00433732 0.0146797 0.00259061 0.00233594 0.000919223 0.000932733 0.000333738 0.00243716 0.000677145 0.0142945 0.00138894 0.0299938 0.00182435 0.0159025 0.00243019 0.00914219 0.00462627 -0.00202878 0.00208644 0.000683738 0.000910946 0.000134412 0.000235211 -0.000602153 0.000518964 0.000729581 0.000952204 0.000564175 0.00102744 4.64459e-05 0.000483041 -0.165002 0.00789376 0.0086696 0.00454183 0.10154 0.00457062 0.976076 0.00716605
testosterone 0.014742 0.00453065 0.00706376 0.0032209 0.0061833 0.00142403 0.000121551 0.000544424 0.00179445 0.000653613 0.0179255 0.00241799 0.0355332 0.00632295 0.0167772 0.00400522 0.0252008 0.00520057 0.0171107 0.00382704 0.00631916 0.00158088 0.000718331 0.000432613 0.00288155 0.000771593 0.0143653 0.00185724 0.0336927 0.00522225 0.0166778 0.00284172 0.0815156 0.0112973 0.116966 0.00960135 0.100141 0.0112946 0.255056 0.00496702
triglycerides 0.0546147 0.0127436 0.045723 0.0105551 0.00857671 0.00224019 0.00049605 0.000644082 0.00528026 0.00160874 0.0432011 0.00594176 0.0894314 0.014222 0.0437099 0.0107716 0.00305498 0.00388722 0.00146956 0.0024094 0.000894186 0.00102847 -7.66919e-05 0.00025096 -0.00102036 0.000508064 0.0029163 0.00120432 0.00354118 0.00112016 0.00163493 0.000445568 0.639469 0.0192619 0.0124141 0.00439755 0.291033 0.0382053 0.0529479 0.0424165
urate 0.0544461 0.0081162 0.0348669 0.0115177 0.0238619 0.0131314 -0.000147034 0.00223386 0.00565022 0.000981539 0.0338721 0.00292691 0.0591097 0.0180614 0.0985814 0.0672361 0.00471653 0.00401795 0.0044909 0.00270388 0.00167911 0.00208147 -0.00107426 0.000397566 -0.000117546 0.000510477 0.00169289 0.00111716 -3.28535e-05 0.00246418 0.01102 0.00965681 -0.25549 0.0272176 0.0223748 0.00920477 0.310241 0.0704774 0.654981 0.0564204
urea 0.0273346 0.00436782 0.0235053 0.00441064 0.00327954 0.00140687 0.00155482 0.000542312 0.00613744 0.00156061 0.0283051 0.00280198 0.0519735 0.00503001 0.0243771 0.0048507 0.00902314 0.00443317 -0.00120743 0.00220184 0.000575191 0.000934564 0.00025537 0.000301476 -1.36004e-05 0.000567624 0.00117169 0.00105351 0.00311525 0.00108437 0.00118416 0.000508815 0.218051 0.0123193 0.0141038 0.00429845 0.166468 0.0092658 0.545855 0.0138148
vitamin_d 0.0333435 0.00556636 0.023596 0.00844653 0.0056423 0.00398568 0.000788013 0.000473338 0.00356757 0.00107456 0.011202 0.00292386 0.0470984 0.0142232 0.0201763 0.00417111 0.00808684 0.00481699 -3.86831e-05 0.00258299 0.0013983 0.00104031 -0.000362403 0.000302723 -0.000524836 0.000514316 0.00326333 0.00117323 0.000556971 0.00103565 0.000489764 0.000659086 -0.0909848 0.0110827 0.0128693 0.00468179 0.145414 0.024217 0.919939 0.02419
whr 0.0363601 0.004044 0.0337802 0.00336569 0.00686183 0.00148789 0.00270051 0.000455265 0.00484022 0.00110019 0.0370042 0.00288658 0.0720561 0.00342431 0.0355738 0.00360289 0.01216 0.00389976 0.00596212 0.00250174 0.00137945 0.000925051 -8.07131e-06 0.000278157 0.000368093 0.000534164 0.00863089 0.00119587 0.01189 0.00142311 0.0049828 0.000844817 -0.652026 0.0143287 0.0453652 0.00453039 0.229177 0.00767297 0.775325 0.00871497
