pheno h0 se0 h1 se1 h2 se2 h3 se3 h4 se4 h5 se5 h6 se6 h7 se7 hge0 sege0 hge1 sege1 hge2 sege2 hge3 sege3 hge4 sege4 hge5 sege5 hge6 sege6 hge7 sege7 h2nxe h2nxe.se  h2gxe h2gxe.se h2g h2g.se sigma2_e sigma2_e.se
ala_at 0.0343593 0.00956352 0.0198907 0.0037827 0.00603891 0.00163552 0.00137283 0.000555548 0.00334213 0.000774782 0.0271216 0.0034678 0.061564 0.00853492 0.0255538 0.00453259 -0.00222398 0.00448102 -0.000340277 0.00256626 -0.000268866 0.000889065 0.000205966 0.000254497 -0.000258556 0.000639555 0.0016993 0.000990927 0.0026303 0.00118991 0.00121682 0.000687403 0.349104 0.0130015 0.00266071 0.00466893 0.179243 0.0139458 0.403956 0.014803
albumin 0.0418923 0.00787822 0.0231431 0.00446859 0.00815305 0.00188883 0.0011766 0.00050838 0.00525436 0.00110276 0.0357167 0.00524021 0.0632859 0.00458658 0.0229286 0.00309339 0.00374417 0.0040922 -0.000588364 0.00236725 0.00125213 0.00107616 0.000566136 0.000441916 -0.000554321 0.000638479 0.000414869 0.00114357 0.00245023 0.00124889 -3.95659e-05 0.00068893 0.171503 0.0151407 0.00724529 0.00414648 0.201551 0.017491 0.590366 0.02206
alcohol_freq 0.0195615 0.004255 0.018657 0.00326591 0.00626695 0.00124806 0.000384191 0.000404705 0.00229502 0.000598052 0.0188601 0.00180511 0.036659 0.00220826 0.0179585 0.00264968 0.00371638 0.00383665 0.00204466 0.00238271 0.00137151 0.000925193 -0.000348797 0.000284775 0.00060389 0.000490808 0.00162508 0.00100929 0.00275711 0.00107021 0.00237085 0.00054268 0.616234 0.00886558 0.0141407 0.00412299 0.120642 0.00607966 0.239065 0.010182
alka_phos 0.0857219 0.0339051 0.0257327 0.0146575 0.0127398 0.00700245 0.00187666 0.00137548 0.0104269 0.00546259 0.0587809 0.0128025 0.150435 0.0549322 0.0473444 0.0114768 0.00360605 0.00432273 0.00252466 0.00258966 0.000850354 0.000896357 -0.00049083 0.000276147 0.00115712 0.000565218 0.00222439 0.00109808 0.00172982 0.00153356 0.000885234 0.000567221 0.302567 0.0309462 0.0124868 0.00444266 0.393059 0.0746976 0.273595 0.0656446
apo_a 0.0442089 0.00809719 0.0382472 0.0069906 0.00859521 0.00216361 0.00268103 0.0014896 0.0167771 0.011148 0.0745847 0.025702 0.101638 0.0176588 0.0383226 0.00503966 0.00519854 0.00397629 0.00340706 0.00272795 0.000192967 0.00100449 9.99913e-05 0.00031885 0.00127875 0.000678562 0.00094551 0.00124289 0.00316688 0.00117772 0.00147319 0.000543743 -0.000585773 0.024816 0.0157629 0.0044012 0.325054 0.0428119 0.55443 0.0469772
asp_at 0.0328459 0.00425428 0.0224006 0.00381169 0.0057528 0.00157968 0.00230183 0.000583491 0.00401939 0.00094874 0.0353143 0.00845518 0.0700629 0.00922758 0.0256773 0.00445922 0.00494557 0.00456595 0.00178348 0.00231802 -0.000880226 0.000834293 8.7557e-05 0.000259497 -0.000733955 0.000513181 0.00180223 0.00102255 0.00157561 0.00100377 0.00154185 0.000721905 0.105135 0.0139597 0.0101221 0.00480316 0.198375 0.0169685 0.616759 0.0198217
basal_metabolic 0.0672244 0.00749782 0.0590856 0.00500528 0.015316 0.00220563 0.00390192 0.000662915 0.00686181 0.00124115 0.0618088 0.00494316 0.124953 0.00673326 0.0614895 0.00909426 -0.00111451 0.0042411 -0.000176163 0.00270786 0.00107833 0.000947201 1.73062e-05 0.000312228 -0.00016657 0.000484598 0.00304139 0.000983164 0.00247918 0.0010856 0.00218416 0.000494194 0.478574 0.0248496 0.00734313 0.00407825 0.400641 0.0153103 0.0476366 0.0131211
blood_eosinophil 0.0343597 0.00603627 0.0372774 0.0060719 0.00800927 0.00198594 0.00131019 0.000659019 0.0094109 0.00226101 0.0515056 0.00729805 0.0877757 0.00685191 0.0462101 0.00677984 0.00142811 0.00370388 0.00446653 0.00219049 0.00151009 0.000933427 -3.09511e-05 0.000303999 0.000148048 0.000539855 -0.000849705 0.000985425 0.000894463 0.00113869 0.000554584 0.000540106 -0.184851 0.0223015 0.00812116 0.00375356 0.275859 0.0184557 0.891056 0.0273832
blood_lymphocyte 0.05246 0.00543114 0.0326462 0.00454145 0.00925532 0.00191876 0.00275427 0.000959152 0.00683741 0.00210452 0.0518189 0.00944599 0.0829001 0.00561257 0.0452501 0.00453968 0.00111355 0.00411618 0.00179479 0.00214821 -0.000190678 0.000851471 -0.00012888 0.000320561 0.00044183 0.00055226 0.00119953 0.00107908 0.00198792 0.000963334 0.00198677 0.000622743 -0.0210101 0.0183838 0.00820484 0.00387216 0.283922 0.0182579 0.718329 0.023985
blood_mch 0.052803 0.0093433 0.0443346 0.00976554 0.00845589 0.00245275 0.00270302 0.00127942 0.00577849 0.00208116 0.0632383 0.0170063 0.111424 0.0176683 0.0473501 0.0078097 0.00680258 0.00406158 -0.000766164 0.00239515 -0.000210739 0.000996207 -0.000105002 0.000288403 0.000145324 0.000569269 0.000533412 0.00112225 0.00133647 0.00101728 0.000238799 0.000552809 0.25109 0.0204902 0.00797468 0.00417159 0.336088 0.0371053 0.395449 0.0417481
blood_monocyte 0.0543367 0.00889125 0.0361479 0.00764529 0.00591122 0.00208957 0.00144207 0.000658061 0.0114529 0.00348206 0.0627818 0.0186215 0.101614 0.0116019 0.0379936 0.0101795 0.00629475 0.0037907 0.00339832 0.00221458 0.00199037 0.000903512 -0.000186352 0.00025793 -0.000249453 0.000625466 0.000265533 0.00104169 0.0011202 0.00109721 -0.000257771 0.000547702 -0.18059 0.0206416 0.0123756 0.004152 0.31168 0.0278955 0.801251 0.0295959
blood_mpv 0.0698698 0.0114059 0.0673649 0.0183037 0.0101548 0.00445557 0.0043318 0.00147345 0.013417 0.00476739 0.0700479 0.0124089 0.193962 0.0317041 0.0601285 0.0135653 0.003699 0.00392565 0.0011515 0.0024139 0.000654017 0.00103813 -0.000265504 0.000283377 0.00059638 0.000587754 7.78112e-05 0.000914735 -0.000568954 0.00113938 0.000965649 0.000515423 -0.180553 0.0496167 0.0063099 0.00463249 0.489277 0.0490621 0.683111 0.052326
blood_mscv 0.0668082 0.00830349 0.0484348 0.00827982 0.00966542 0.00379914 0.0017186 0.00071714 0.00605636 0.00153391 0.0562271 0.00949892 0.0849886 0.010581 0.0430122 0.00750324 0.00263255 0.00413764 -8.07585e-05 0.00228605 -0.00027801 0.00100895 0.00034957 0.000316765 0.000824395 0.000563258 0.00152464 0.00117228 0.00123826 0.00108658 0.00134768 0.000466919 0.131865 0.0194623 0.00755832 0.00442555 0.316911 0.0249828 0.536941 0.030474
blood_platelet_distrib_width 0.0676695 0.0204802 0.0501743 0.015183 0.0146726 0.00561735 -0.000328234 0.000595722 0.0110062 0.00445379 0.0428487 0.00648066 0.111231 0.0135922 0.0517803 0.0102216 0.00181921 0.00361306 0.0027632 0.00239815 -0.000750151 0.000929144 -0.000263515 0.000250177 0.00105948 0.000692015 0.000198212 0.00107638 0.000826813 0.00120592 0.000874316 0.000605514 0.0578369 0.0322133 0.00652758 0.00445758 0.349055 0.045775 0.572678 0.0506507
blood_platelet 0.0738128 0.0101042 0.0595642 0.0146239 0.012122 0.00293967 0.00187836 0.000758395 0.0101909 0.00293016 0.0660255 0.00969146 0.130144 0.0126972 0.0507264 0.00572358 -0.00196024 0.00467715 -0.000679027 0.00232955 0.000591403 0.000964473 -9.91569e-05 0.000298715 0.000294951 0.000591147 0.00183975 0.000939944 0.00169577 0.00111555 0.00118817 0.000499614 0.00206386 0.0295835 0.00287162 0.00468237 0.404464 0.0314209 0.551521 0.0408396
blood_rbc_count 0.055413 0.0062841 0.0443907 0.0062468 0.00853786 0.00253317 0.00243333 0.000823001 0.0098698 0.00211039 0.054478 0.00593012 0.102824 0.0110287 0.0462708 0.00609505 0.00614419 0.0040679 0.0039249 0.00262982 -0.000217335 0.000839575 -0.000136811 0.000307851 0.00115996 0.000528122 0.00202578 0.00115157 0.00476824 0.00101637 0.00262288 0.000543039 -0.367109 0.0205467 0.0202918 0.004138 0.324218 0.0236315 0.740276 0.0202541
blood_rbc_distrib_width 0.0521714 0.00843924 0.03015 0.00579189 0.0087187 0.00249861 0.000929148 0.000573149 0.00453273 0.00133017 0.0521949 0.0103427 0.085783 0.00919703 0.0448423 0.00647032 0.00207427 0.00392525 0.0080363 0.00256852 5.31978e-05 0.000942206 -8.81856e-05 0.000297065 -8.26246e-06 0.000626008 0.00236726 0.0012308 0.00248138 0.00114922 0.00123989 0.000619703 0.818647 0.0180817 0.0161558 0.00435726 0.279322 0.023276 -0.112373 0.0284156
blood_reticulocyte 0.0440694 0.00651253 0.0374384 0.0073 0.0124705 0.003607 0.00229896 0.000525515 0.00563086 0.00138367 0.0518458 0.00955358 0.088523 0.00922515 0.0511582 0.0109464 0.00718041 0.00359434 0.00330516 0.0021819 0.000513107 0.000973632 -0.00022186 0.000299622 0.000752709 0.000517472 -0.0003735 0.00110779 0.00258403 0.00101256 0.0015858 0.000511927 -0.144874 0.0280796 0.0153258 0.00411099 0.293435 0.0210375 0.820158 0.0333115
blood_wbc_count 0.0534275 0.00592764 0.0387625 0.00542213 0.00850833 0.0021304 0.0026033 0.000902552 0.00563795 0.00134535 0.0490443 0.00470819 0.0834513 0.00476369 0.0367858 0.00885137 0.00523666 0.00419604 0.00471593 0.00259068 0.000391697 0.0009065 0.000267638 0.000344443 0.000335545 0.000614776 0.0024 0.00118057 0.00309701 0.00119526 0.000373691 0.000453391 0.0502674 0.0175038 0.0168182 0.0044435 0.278221 0.0154445 0.649876 0.0225151
bmd_heel_tscore 0.0657657 0.0136026 0.0623153 0.011474 0.0118366 0.00402553 0.00419812 0.00163703 0.015539 0.00478391 0.0584983 0.008359 0.144568 0.0171877 0.0633058 0.0140379 0.0201846 0.0133151 0.000359978 0.00819665 0.00131221 0.00265661 -0.000202286 0.00106302 -0.00403945 0.00175679 -0.000824621 0.00280812 0.00483388 0.00360638 0.00473925 0.0014823 -0.303258 0.0336956 0.0263636 0.0141359 0.426027 0.0325234 0.782804 0.048175
bmi 0.0552289 0.00566034 0.0438065 0.00427938 0.0115255 0.0019331 0.00385944 0.000626877 0.0060957 0.00115922 0.0475225 0.00319478 0.105557 0.00676839 0.059528 0.00617515 -0.00163285 0.00431497 0.00391103 0.00254713 -0.000143137 0.000956515 -0.000221135 0.000323143 0.000146196 0.000605392 0.00418921 0.00119059 0.00649049 0.00108093 0.00457405 0.000694233 1.52426 0.0228213 0.0173139 0.0041589 0.333123 0.00966935 -0.855594 0.0242722
bp_diastolic 0.0364157 0.00488213 0.0261907 0.00356963 0.00640167 0.00159758 0.0015238 0.000356596 0.00457395 0.000916988 0.0281961 0.00244767 0.0612139 0.00283634 0.0309541 0.00361097 0.00589754 0.00452253 0.00272614 0.00311172 -6.00078e-05 0.00103353 0.000224631 0.000302804 -0.000182634 0.000726841 0.00236618 0.001123 0.00548089 0.0011984 0.0027872 0.000776537 0.112339 0.0128718 0.0192399 0.00443282 0.19547 0.00857376 0.650025 0.014762
bp_systolic 0.0411776 0.0044843 0.0248386 0.00340707 0.00705333 0.00133305 0.00137237 0.000434269 0.00357237 0.000774999 0.033294 0.0029913 0.0643963 0.00327278 0.03593 0.00276448 0.00101732 0.00415078 0.00674696 0.0027966 -0.00108414 0.000938248 -8.37697e-05 0.000344246 0.000582082 0.000625016 0.00290412 0.0013312 0.00538941 0.00125624 0.00284224 0.000660289 0.76331 0.0139722 0.0183142 0.00464562 0.211635 0.0076672 0.00581808 0.0129296
calcium 0.0333773 0.0060219 0.0207821 0.0044702 0.0121846 0.0037217 0.000133412 0.000592522 0.00604706 0.00155368 0.0286482 0.00385006 0.054662 0.00452736 0.027733 0.00693213 0.00801251 0.00451543 -0.00296594 0.0025029 -0.000495343 0.000953723 -6.71872e-05 0.000339654 0.000759003 0.00054835 -0.000816878 0.00109687 0.00316799 0.000983821 0.00020036 0.000675946 0.272695 0.0140029 0.00779451 0.00384317 0.183568 0.0150721 0.519604 0.0192813
cholesterol 0.0271101 0.00752416 0.0432875 0.0158287 0.00320859 0.0014731 0.00113891 0.00045568 0.00410757 0.00222159 0.0458653 0.02211 0.0478162 0.00669128 0.0224643 0.00484467 0.00743261 0.00416262 -3.47482e-06 0.00268517 0.000742587 0.00089663 -9.70414e-06 0.000243785 -0.000108381 0.00064743 0.00414815 0.00177103 0.00472033 0.00113598 0.00128152 0.000550967 -0.489197 0.0149864 0.0182036 0.00477156 0.194998 0.0354739 1.19433 0.0349707
corneal_hysteresis 0.0255392 0.0191312 0.0396681 0.0122116 0.00793999 0.00536811 0.00254027 0.00157946 0.013752 0.00329233 0.0644626 0.00847351 0.133926 0.0149257 0.0439962 0.00983644 -0.0268894 0.018012 -0.00926508 0.0112219 -0.00335924 0.00449226 0.00133971 0.00149842 -0.000682037 0.00253874 -0.00152678 0.0048107 0.00326682 0.00446063 0.00372242 0.00219821 0.0557063 0.0313551 -0.0333935 0.0190288 0.331825 0.0320042 0.625655 0.0443757
c_reactive_prot 0.0504968 0.01311 0.034397 0.0076271 0.00625708 0.00210395 0.00132381 0.000613147 0.00383431 0.00264494 0.065185 0.0353666 0.0858824 0.0195915 0.040936 0.00827009 -0.000941028 0.00411849 -0.000203798 0.00254579 0.000160123 0.00101633 0.00026645 0.000295417 0.00213083 0.000680425 0.00149604 0.00117256 0.00579709 0.00173556 0.00273081 0.00101161 0.400953 0.0223918 0.0114365 0.00429265 0.288312 0.0488356 0.293493 0.0476681
creatinine 0.0421222 0.00576299 0.0414444 0.00519442 0.00945038 0.00189576 0.00212637 0.000711049 0.00788282 0.00187749 0.0494502 0.0049552 0.0878794 0.00542479 0.0436353 0.0079065 0.0125065 0.00427464 0.00131707 0.00251977 0.00196597 0.00100184 -1.0287e-05 0.000254668 0.00112665 0.000606025 0.00477734 0.00108028 0.00722788 0.00122771 0.00394489 0.00064102 0.533666 0.0219459 0.032856 0.00447885 0.283991 0.0141907 0.0961646 0.0190619
creatinine_urine 0.0103672 0.00401632 0.0116168 0.00257357 0.00333073 0.00101402 0.00046697 0.000285586 0.00168543 0.000597399 0.0123691 0.00159303 0.0288197 0.00179208 0.0128253 0.00237293 0.00686406 0.00425406 0.00150179 0.0024997 0.0010877 0.000961869 0.00032797 0.000293879 1.7832e-05 0.000626567 0.00262951 0.00113089 0.000931953 0.00110413 0.00151275 0.000583659 0.424016 0.00655107 0.0148736 0.000583659 0.0814812 0.00237293 0.420017 0.00726187
cystatin_c 0.0600236 0.0141771 0.0440305 0.0110026 0.00984934 0.00195737 0.00134428 0.00132256 0.00738316 0.00154846 0.0462145 0.00539611 0.100601 0.0130755 0.0782587 0.0372573 0.00695537 0.00386981 0.00116384 0.00231163 0.00064356 0.00090339 1.29491e-05 0.000322595 0.000104801 0.000599059 0.00138361 0.00112108 0.00508294 0.00103249 0.00214811 0.00086171 0.609091 0.0299714 0.0174952 0.00428992 0.347705 0.0669695 0.0209838 0.0527796
fev1_fvc 0.0451151 0.00515649 0.0357535 0.00433468 0.00773716 0.00150878 0.00206666 0.000522832 0.00468885 0.00080407 0.0401087 0.00332944 0.0883771 0.00647832 0.0384653 0.00567809 -0.00566919 0.00404801 0.00150752 0.00235235 0.00149023 0.00101036 -0.000140559 0.000301053 -0.000407845 0.00063117 0.000883512 0.00137104 -0.000570443 0.000985751 0.000412332 0.000521467 -0.359627 0.0207815 -0.00249444 0.00436191 0.262312 0.012334 1.04118 0.0243502
fvc 0.0641437 0.00595718 0.0447106 0.00462704 0.0124219 0.00221282 0.00304936 0.000634534 0.00592356 0.00113806 0.0502305 0.00398238 0.0947594 0.00491585 0.0470377 0.00921526 0.001187 0.0040775 0.00248579 0.00234811 -2.35895e-05 0.000935786 0.000218488 0.000288091 -0.000189628 0.000663153 -0.000136029 0.00115579 0.000440671 0.00121582 -0.000423979 0.000457655 -0.795223 0.0212777 0.00355872 0.00431321 0.322277 0.0131272 0.744822 0.0134785
ggt 0.0645501 0.0149665 0.0343232 0.00722892 0.00785375 0.00235714 0.00212385 0.000563777 0.00579601 0.002997 0.0849783 0.0388064 0.0869715 0.00807907 0.0361513 0.0090822 0.00515031 0.00407702 0.00310434 0.00234109 -0.00042949 0.000977943 -0.000208997 0.000249886 6.08194e-06 0.000636084 0.00544985 0.00124635 0.00623816 0.00134057 0.00209517 0.00061371 0.950521 0.0202624 0.0214054 0.00484946 0.322748 0.0499512 -0.251124 0.0460571
glucose 0.0293224 0.00622522 0.0166964 0.00297948 0.00161958 0.00128859 0.00108347 0.000393985 0.00151756 0.000861124 0.0259661 0.00703683 0.0389744 0.00533641 0.0120538 0.00245001 0.00854919 0.00423815 0.000243777 0.00229799 0.000289504 0.00101306 -0.000571268 0.00024514 -0.000531617 0.000702109 0.000194797 0.00116613 -0.000580326 0.0010685 0.000402148 0.000548413 -0.767551 0.00884644 0.00799621 0.000548413 0.127234 0.00245001 1.58733 0.0171148
hair_color 0.0747872 0.0338786 0.0270897 0.0116822 0.00317061 0.00230399 -0.000252287 0.000649568 0.0744697 0.0627476 0.021208 0.0170206 0.103396 0.0388016 0.0345314 0.0105759 0.00118696 0.00346807 0.00172408 0.0023556 0.000792984 0.000783993 -3.38153e-05 0.000269702 -0.000463145 0.0005525 -0.000580891 0.00102207 0.000855963 0.00111899 -0.000158933 0.000454308 -0.296351 0.0261051 0.0033232 0.000454308 0.3384 0.0105759 0.915687 0.0916624
hba1c 0.0551738 0.00731604 0.0333836 0.00449356 0.00866412 0.00245312 0.00107382 0.000555003 0.00484729 0.00230224 0.082478 0.02529 0.0799902 0.0076252 0.0542479 0.00935573 0.00164494 0.00380001 -0.000343049 0.00226997 -0.000371181 0.00100529 -2.45031e-05 0.000258437 0.000680096 0.000604788 -0.000216129 0.00115552 -0.000208648 0.0009985 0.000380599 0.000634152 -0.878612 0.0260538 0.00154213 0.00393744 0.319859 0.028057 1.42253 0.0381203
hdl 0.0496152 0.00942723 0.042268 0.00839203 0.00782415 0.00217673 0.0021501 0.00107927 0.0152627 0.00899189 0.0928131 0.0401976 0.126959 0.023567 0.0474606 0.00802871 0.00342004 0.0037521 0.0029677 0.00264742 0.000733192 0.00102969 2.91885e-05 0.000322044 0.00131123 0.000790778 0.00158369 0.00122969 0.00605358 0.00130892 0.00151527 0.000751856 -0.0234527 0.0284287 0.0176139 0.00420759 0.384353 0.0575748 0.507197 0.0571771
height 0.146224 0.0130024 0.0975079 0.00875037 0.0261409 0.00387808 0.00607763 0.00136291 0.0135124 0.00286576 0.108786 0.0101551 0.201601 0.0119435 0.109354 0.0146802 0.0036237 0.00396583 0.00165963 0.00231099 3.22317e-05 0.00100699 -9.5924e-05 0.000278564 0.00055747 0.000564425 0.00321736 0.00112275 0.00336327 0.00122833 0.000815439 0.000864195 0.00417655 0.0451368 0.0131732 0.00402898 0.709204 0.033382 0.133855 0.0272386
igf1 0.0476056 0.00798583 0.0430512 0.00560388 0.0103673 0.00250394 0.00244336 0.000749278 0.0070021 0.00139358 0.0500344 0.00560987 0.102286 0.0110109 0.0518258 0.00915563 -0.00220008 0.00370633 0.000170932 0.00195078 0.00162498 0.00100358 -0.000106862 0.000269475 0.00101902 0.000468664 0.00377969 0.00108839 0.00721823 0.00123236 0.00209568 0.000785315 0.221415 0.0241674 0.0136016 0.00421034 0.314615 0.0201124 0.418005 0.0274408
ldl 0.0201423 0.0105174 0.0513836 0.024245 0.00200815 0.00149109 0.00071946 0.000346839 0.00127406 0.000789242 0.0564793 0.0335475 0.0406539 0.00717706 0.0190127 0.00450324 0.00769947 0.00380956 0.00288956 0.0031749 0.000237815 0.000916548 9.79636e-05 0.000286749 -7.2915e-05 0.000688245 0.00560378 0.00247851 0.00479225 0.00121585 0.00150936 0.000807478 -0.212019 0.0138093 0.0227573 0.00583902 0.191673 0.0499721 0.959997 0.0531766
microalbumin -0.00164102 0.0125162 0.00237939 0.00704781 0.00106312 0.00268394 -0.000844396 0.000720315 0.00116909 0.00172757 0.0146558 0.0034314 0.0131037 0.00354203 0.00825096 0.00225404 0.0115386 0.0127338 0.00692111 0.00777085 -0.00147323 0.00258764 0.000186526 0.000894889 -0.000707724 0.00158446 0.00128742 0.00352119 0.00258561 0.00298465 0.000938393 0.00160722 -0.764497 0.0143018 0.0212767 0.0130877 0.0381366 0.0132136 1.68815 0.0139278
overall_health 0.0393058 0.00461773 0.0212678 0.00258864 0.00606636 0.00109452 0.00113281 0.000319906 0.00218934 0.000634148 0.0188811 0.00165528 0.0422685 0.00201433 0.0226271 0.00327243 0.00028148 0.00388171 0.00519538 0.00221829 -0.000264381 0.000785594 0.00038103 0.000245789 4.53299e-05 0.000567691 0.0012333 0.000923832 0.00197975 0.00110167 0.000544271 0.00047359 -0.496718 0.0132259 0.00939615 0.0043971 0.153739 0.00548072 1.25059 0.0135115
phosphate 0.0398364 0.00536102 0.0169489 0.00388989 0.00620535 0.00167135 0.00166023 0.000523552 0.00319185 0.0008918 0.0262998 0.00460951 0.0624369 0.00871114 0.0171011 0.00347699 -0.00161321 0.00428518 0.00273761 0.00278373 -0.000644934 0.000990228 0.000367913 0.000473498 0.00103186 0.000764883 0.0024693 0.00116898 0.00202649 0.00130821 0.000185119 0.00051449 -0.447539 0.0102001 0.00656015 0.00471327 0.17368 0.0151982 1.18092 0.0171416
potassium 0.00389173 0.00443902 0.00714554 0.00241738 0.00119741 0.000944168 0.000311364 0.000305621 0.00143563 0.000548954 0.00800633 0.00135795 0.0187629 0.00144436 0.00915707 0.00117332 0.00963253 0.00401175 0.0023989 0.00256846 -0.000499547 0.000885291 0.000311048 0.000301838 -0.000562917 0.000630974 0.000799188 0.0012201 0.00162263 0.00120846 0.000849366 0.000703661 0.360955 0.0059056 0.0145512 0.00394387 0.049908 0.00511141 0.560984 0.00581713
shbg 0.0603844 0.0191909 0.0433753 0.00780409 0.0231385 0.0119748 -0.000404081 0.000810037 0.00706431 0.00225604 0.050861 0.00897405 0.110871 0.0306645 0.0450141 0.0126907 0.0110923 0.00447385 0.00455816 0.00286006 0.00187586 0.00106772 -0.000341175 0.000278708 0.000357192 0.000740201 0.00635012 0.00148758 0.00753623 0.00142227 0.00350487 0.00118481 1.47841 0.0264479 0.0349336 0.00489259 0.340304 0.0672456 -0.682881 0.053659
sodium 0.0203403 0.00436871 0.0147361 0.00260478 0.00222673 0.000930448 0.00102638 0.000353158 0.00244997 0.000669993 0.0144622 0.00138706 0.0296846 0.00182986 0.0156863 0.00257939 0.00901399 0.00464291 -0.000134373 0.00219904 0.000266193 0.000942616 3.82332e-05 0.000232149 0.000328868 0.000606372 0.000210346 0.000885702 0.000748303 0.00110653 0.000286892 0.000490692 0.125848 0.00815302 0.0107584 0.00465896 0.100613 0.00465582 0.705787 0.0079819
testosterone 0.0140455 0.00462686 0.00811727 0.00338492 0.00667344 0.00141981 0.000196921 0.000524148 0.00164767 0.000615919 0.0178422 0.00238436 0.0358571 0.00635541 0.0149823 0.00456193 0.0239411 0.00477699 0.0176224 0.0039969 0.00517506 0.00151452 0.000648271 0.00037954 0.00360252 0.000773951 0.0131569 0.00192337 0.0314076 0.00408616 0.0158775 0.0020612 -0.290541 0.0109325 0.111431 0.00885945 0.0993625 0.011424 0.392694 0.00500309
triglycerides 0.0495565 0.0122985 0.0455376 0.0104585 0.00828711 0.00212488 0.000560235 0.000626322 0.00541597 0.00159266 0.0434923 0.00596301 0.0881904 0.0141672 0.0424844 0.0105965 -0.00124619 0.00343595 0.00268153 0.00220061 0.000506435 0.00101975 -0.000258944 0.000245438 -0.000413671 0.000527066 0.00199947 0.00120773 0.00321372 0.00108037 0.00135137 0.000468686 -0.629854 0.0193104 0.00783372 0.00418273 0.283524 0.0375778 1.2409 0.041695
urate 0.0512801 0.00761412 0.0350179 0.0115622 0.0230764 0.0128549 -5.1402e-05 0.002278 0.00547266 0.000990238 0.0341554 0.00294544 0.0585334 0.0179334 0.0953718 0.065263 0.00253555 0.00386317 0.00620038 0.00258769 0.00270718 0.00300054 -0.00128342 0.00057073 0.000323882 0.00059596 0.00172448 0.00116631 -0.000371833 0.0038783 0.0192418 0.0168378 0.321266 0.0411674 0.031078 0.0155048 0.302856 0.0673966 0.244651 0.0419927
urea 0.0262439 0.00423408 0.0228668 0.00421621 0.00287025 0.00131816 0.00152387 0.000537492 0.0062799 0.0015691 0.0283534 0.00276981 0.0513637 0.00489755 0.0250323 0.00377983 0.00753452 0.00423186 -0.00196871 0.00231412 0.000618325 0.000885062 0.000254641 0.000308462 -0.000329025 0.000560316 0.000915628 0.000985598 0.00268165 0.00109733 0.000807999 0.000540585 -0.148027 0.0107832 0.010515 0.0044351 0.164534 0.00913689 0.882676 0.0125942
vitamin_d 0.0337904 0.00562321 0.0241796 0.00861797 0.00568806 0.00395418 0.000855496 0.000483922 0.00353314 0.00104567 0.0110739 0.00296737 0.0475328 0.0143073 0.0186392 0.00459329 0.00661872 0.00473504 0.00190323 0.00247461 0.00114198 0.000957997 -0.000456749 0.000282903 -0.000450633 0.000510523 0.00198116 0.00127604 0.000956862 0.0011287 0.000374938 0.000675968 -0.0180833 0.0100638 0.0120695 0.00481695 0.145293 0.0241357 0.848977 0.0257848
whr 0.0348963 0.00451069 0.0345603 0.00368492 0.00657173 0.00153924 0.00292164 0.000462419 0.00473677 0.00114011 0.0372583 0.00297374 0.0719565 0.00354657 0.0322148 0.00481456 0.0104614 0.00393324 0.00698559 0.00265231 0.00179849 0.000995268 3.21084e-05 0.000305365 0.00136268 0.000636721 0.0107992 0.00131684 0.0130473 0.00163256 0.00562708 0.00106945 0.62542 0.0193016 0.0501138 0.00496793 0.225116 0.00839479 0.0559145 0.0129769
