0.0666849 0.00376274
0.0785899 0.00498501
0.0696969 0.00418809
0.0727868 0.00394778
0.0616277 0.00437627
0.0772229 0.00387097
0.0554228 0.00445678
0.0751401 0.00456709
0.0692306 0.00441019
0.0599297 0.00412667
0.0551661 0.00532574
0.0697556 0.00468152
0.0740716 0.00420267
0.054937 0.00397115
0.0779126 0.00449545
0.0542316 0.00410909
0.0748991 0.0041771
0.0784888 0.00435422
0.0692467 0.00390824
0.0678267 0.0043114
0.0781927 0.00451845
0.0685725 0.00451724
0.0666208 0.0052968
0.0651826 0.00482209
0.0769497 0.00629425
0.0682365 0.00473364
0.0850258 0.00418767
0.0697288 0.0044057
0.0636947 0.00394507
0.0575339 0.00474953
0.0678117 0.00440483
0.0614356 0.00406874
0.0646745 0.00435643
0.0796476 0.00424649
0.0734962 0.00430579
0.0547522 0.00429471
0.0663542 0.00500916
0.0768801 0.00479074
0.0637248 0.00442378
0.0656008 0.00393519
0.0639165 0.00380362
0.0681486 0.00440006
0.0582202 0.00401654
0.0696665 0.00430604
0.0739178 0.00512504
0.0590176 0.00422909
0.0610283 0.00440638
0.0667317 0.00491304
0.0705616 0.0038817
0.0511966 0.00438957
0.0653147 0.00359708
0.0672515 0.00473508
0.0700035 0.00460371
0.0689592 0.00507051
0.0538152 0.00467907
0.0690636 0.00428095
0.0779948 0.00417355
0.0672882 0.0045047
0.0729739 0.00456199
0.0628286 0.0044794
0.0685847 0.00419508
0.0596687 0.00479772
0.0648682 0.0047392
0.0669053 0.00424502
0.0654422 0.00420504
0.0700097 0.0037965
0.0789983 0.00478613
0.0690716 0.00328013
0.0669043 0.00446075
0.0833982 0.00511248
0.0671268 0.00473488
0.0711251 0.00486749
0.0686934 0.00547055
0.062628 0.00447394
0.0650344 0.00386695
0.063786 0.0044735
0.0682657 0.00433541
0.058411 0.00450428
0.0654002 0.00444259
0.0829886 0.0040128
0.064772 0.00426603
0.0661557 0.00413296
0.0551465 0.00416146
0.0670476 0.00424199
0.0687752 0.00425269
0.0619407 0.00477633
0.0701771 0.00362479
0.0544376 0.00463378
0.0532758 0.004567
0.0820711 0.00391788
0.0593807 0.00463246
0.0727501 0.00476042
0.0780628 0.00536884
0.0586988 0.00465963
0.0689145 0.00410908
0.0509772 0.00386067
0.0635288 0.0052777
0.0690071 0.00470283
0.072256 0.00388459
0.076952 0.00433187
