0.162159 0.00463313
0.172508 0.00431413
0.169064 0.0067444
0.175391 0.00439358
0.163782 0.00459374
0.162259 0.00443358
0.164088 0.00475401
0.157969 0.00480871
0.187037 0.00432506
0.185173 0.00503136
0.153468 0.00541922
0.155442 0.00453322
0.159645 0.00416848
0.1619 0.00458101
0.166172 0.00546733
0.173019 0.00436189
0.167941 0.00486943
0.174658 0.00534863
0.167898 0.00420351
0.173527 0.00478269
0.178151 0.00476234
0.183623 0.00519167
0.165749 0.00477435
0.160877 0.00406873
0.166864 0.00622144
0.167856 0.00504945
0.193596 0.00512792
0.168406 0.00485777
0.170682 0.0038019
0.172035 0.00483844
0.163687 0.00540742
0.169604 0.00511392
0.171659 0.00505083
0.172091 0.00457446
0.176345 0.00474767
0.167753 0.00387362
0.153566 0.00451414
0.149483 0.00550833
0.174497 0.00514544
0.172813 0.0041204
0.173994 0.00407722
0.170152 0.00481211
0.166229 0.00445444
0.162518 0.0050672
0.175548 0.00452565
0.169604 0.00410139
0.174506 0.00598342
0.170769 0.00432027
0.17732 0.00470294
0.167028 0.00499956
0.172085 0.00436427
0.163976 0.00466739
0.158917 0.00521488
0.178747 0.00458421
0.155565 0.00442273
0.168259 0.00482859
0.171801 0.00427704
0.17346 0.00509511
0.16642 0.00447751
0.17601 0.00473602
0.153297 0.00473661
0.175552 0.00419528
0.16967 0.00428413
0.1667 0.00707856
0.173292 0.00472138
0.156642 0.00388999
0.174527 0.00468663
0.164328 0.00467039
0.175377 0.00519114
0.170916 0.00409816
0.163058 0.00582172
0.169352 0.00478587
0.180682 0.00555512
0.170379 0.00471455
0.169177 0.00634516
0.169853 0.00498637
0.160603 0.00447426
0.17099 0.00459517
0.164437 0.00368687
0.173525 0.00383817
0.16422 0.00423706
0.163679 0.00401848
0.173215 0.00485173
0.175193 0.00428463
0.17014 0.00434681
0.153729 0.00528743
0.169849 0.00442078
0.16861 0.00422985
0.17153 0.00460964
0.168768 0.00572665
0.170266 0.00541797
0.177341 0.00413656
0.177616 0.00508489
0.168122 0.00534633
0.170173 0.00391873
0.164605 0.00590894
0.169959 0.00405902
0.161398 0.0052846
0.170904 0.00568756
0.171765 0.00402269
