0.0153055 0.0041333
0.0213907 0.00407692
0.0171155 0.00410428
0.0145486 0.00382032
0.0226096 0.00396862
0.0322466 0.00483823
0.022975 0.00401942
0.0084908 0.00431106
0.00926624 0.00423646
0.00294156 0.00428075
0.00732915 0.0037121
0.0209923 0.00422379
0.0129767 0.00363678
0.0184548 0.00422539
0.0251123 0.00363312
0.0194289 0.0042262
0.0320165 0.00356806
0.0332926 0.00415181
0.0143016 0.00390044
0.0296305 0.0041975
0.0387668 0.00454749
0.0229899 0.00410466
0.0198462 0.0043801
0.0170189 0.00409331
0.0150601 0.0045691
0.008426 0.00413542
0.0388258 0.00403052
0.0271656 0.00414605
0.0215434 0.00402859
0.0245514 0.00498666
0.0116357 0.00360285
0.02012 0.00444353
0.0394776 0.0041886
0.0269364 0.00432931
0.0401623 0.00441477
0.0181504 0.00390072
0.0226563 0.00415508
0.0222059 0.00368713
0.0201376 0.00313866
0.0084357 0.00393771
0.0224053 0.00409889
0.023452 0.00451449
0.0171711 0.00388749
0.0367216 0.00405565
0.0306362 0.00412431
0.0187764 0.00427867
0.0266068 0.00429844
0.0246629 0.00402859
0.0299097 0.00386814
0.0052416 0.00407278
0.0275594 0.00370301
0.0215554 0.00444984
0.0234733 0.00428305
0.0166805 0.00438215
0.0213224 0.0040595
0.00875193 0.0038916
0.0330785 0.00380272
0.0278622 0.00459226
0.0262797 0.00341591
0.0233684 0.00375205
0.0214338 0.00384644
0.0338466 0.00452771
0.0284354 0.00407659
0.0252868 0.00422329
0.0364391 0.00381374
0.00768155 0.00408526
0.0206149 0.00350352
0.0169615 0.00401371
0.019445 0.00430939
0.0397775 0.00478529
0.037198 0.00524375
0.0281013 0.00350144
0.0282917 0.00449866
0.0182939 0.00436771
0.0249416 0.00427742
0.0155572 0.0047737
0.0184194 0.00464813
0.0153859 0.00391012
0.0293467 0.00428334
0.0327078 0.00472188
0.0271917 0.00396898
0.0193003 0.00425582
0.0292125 0.00421858
0.0250945 0.00403404
0.0234665 0.00464559
0.0311313 0.00386254
0.0249699 0.00414894
0.0186696 0.00436281
0.0182475 0.00418247
0.0324433 0.00416753
0.037788 0.00421169
0.0354096 0.00410909
0.0315013 0.00464999
0.0223736 0.00429795
0.02145 0.00436937
0.020501 0.00387055
0.0326229 0.00368752
0.014512 0.00382175
0.0308943 0.0038602
0.0238443 0.00466184
