0.164886 0.0042096
0.177051 0.00414037
0.165785 0.00656548
0.169665 0.00484758
0.168595 0.00506646
0.168513 0.00422133
0.162149 0.0049816
0.161533 0.00483098
0.184096 0.00429828
0.183807 0.00441149
0.153368 0.00556762
0.158898 0.00409963
0.157926 0.00480402
0.158098 0.00446144
0.169029 0.00457895
0.169746 0.0036548
0.16704 0.00477987
0.169723 0.00479814
0.163281 0.0042363
0.164459 0.00442833
0.17131 0.00474855
0.187939 0.00497378
0.171244 0.00502361
0.164692 0.00424668
0.165836 0.00552601
0.163334 0.00597033
0.185608 0.00508619
0.166018 0.00475848
0.162219 0.00426213
0.171766 0.00509483
0.171753 0.00502122
0.178167 0.0049276
0.179359 0.00458472
0.178986 0.00470513
0.175922 0.004795
0.162795 0.00379989
0.155909 0.00397592
0.153534 0.00430119
0.171269 0.00545953
0.169852 0.00410938
0.176034 0.00412515
0.176987 0.00451154
0.16857 0.00438543
0.16488 0.00522048
0.177326 0.00449247
0.169953 0.00424003
0.177128 0.0051676
0.169456 0.00448133
0.171152 0.00515493
0.169519 0.00487101
0.169104 0.0044597
0.16349 0.00486986
0.17148 0.00504157
0.187192 0.00488717
0.151732 0.00412316
0.16477 0.00421165
0.163642 0.00435884
0.171514 0.00452961
0.163448 0.00440412
0.17649 0.00489125
0.152176 0.00463413
0.17649 0.00411822
0.171441 0.00475572
0.167993 0.00706886
0.173804 0.00469446
0.155884 0.00391685
0.169405 0.00409684
0.161041 0.0055886
0.167652 0.00522002
0.168059 0.004598
0.16396 0.00509453
0.166847 0.00474936
0.178692 0.00507218
0.167723 0.0049634
0.166494 0.0054862
0.167694 0.00490653
0.16397 0.00437013
0.16781 0.0049109
0.169458 0.0041728
0.173962 0.00409508
0.169588 0.00426946
0.168107 0.0043429
0.165957 0.00484884
0.177978 0.00388313
0.163513 0.00450701
0.158467 0.0046181
0.165657 0.0044709
0.164783 0.00475364
0.171664 0.00498142
0.174305 0.00428177
0.177416 0.00510377
0.174573 0.00429456
0.185574 0.00536328
0.170383 0.00500136
0.170327 0.0044176
0.166821 0.00594408
0.168674 0.00370351
0.155679 0.00540062
0.17061 0.00589754
0.175475 0.00400572
