0.0213212 0.00395309
0.0238531 0.00385338
0.0203657 0.00398887
0.0216659 0.00341825
0.0257639 0.0045995
0.0347407 0.00471358
0.0300043 0.00432674
0.0153041 0.00434448
0.015176 0.00406586
0.00901611 0.00462645
0.0142509 0.0038228
0.0233514 0.00452024
0.0192585 0.00390838
0.0249678 0.00418042
0.0324848 0.00394136
0.0265616 0.00448322
0.039133 0.00385294
0.0368197 0.00409562
0.0210825 0.00375661
0.0368303 0.00447169
0.0424133 0.00488261
0.0265255 0.00352989
0.0186779 0.00431898
0.0197867 0.00457333
0.0211657 0.00489022
0.0141255 0.00426961
0.0457826 0.00419138
0.0290387 0.00410976
0.027677 0.00406904
0.0268543 0.00506372
0.01859 0.00395434
0.0226099 0.00401698
0.0420528 0.00412771
0.0298133 0.00413778
0.0433872 0.00441726
0.0242952 0.00383143
0.0287725 0.00383255
0.0282608 0.0038082
0.0261821 0.00310273
0.014441 0.00407509
0.0285485 0.00460519
0.029724 0.00403165
0.0232715 0.0040809
0.0438977 0.00423359
0.0368312 0.0043032
0.0208916 0.00442319
0.031183 0.00411291
0.0329973 0.00407742
0.0397846 0.0037706
0.00982639 0.00425271
0.0333282 0.00385201
0.0234311 0.00434986
0.0292167 0.00422417
0.0240466 0.00430571
0.0210921 0.00456503
0.0152239 0.00398067
0.0328561 0.00411921
0.0260234 0.00477662
0.028138 0.00403309
0.0250818 0.00403615
0.0230626 0.00348783
0.0371381 0.00432585
0.0300562 0.00411084
0.0285291 0.00417854
0.0379583 0.00413361
0.00808327 0.00474667
0.0277452 0.0034208
0.0192742 0.00400454
0.0280085 0.00450595
0.0340348 0.00465316
0.0361882 0.00511788
0.0257038 0.00353333
0.0332148 0.00459192
0.0195014 0.00394887
0.0296335 0.00373396
0.0188028 0.004515
0.0216736 0.00401851
0.022538 0.00430747
0.0273365 0.00427426
0.033786 0.0045968
0.0283999 0.00386307
0.0236428 0.00441153
0.0303406 0.00412554
0.0262957 0.00398467
0.0276744 0.00467075
0.0322429 0.00401518
0.0260582 0.00442554
0.0197821 0.00433203
0.0252939 0.00468442
0.0337238 0.00448861
0.0421491 0.00432381
0.0366422 0.00417892
0.0327948 0.00450059
0.0267651 0.00405595
0.022561 0.00420666
0.021736 0.00385491
0.033732 0.00406983
0.0133235 0.00377813
0.0327047 0.00356968
0.0311056 0.00463773
