0.0651691 0.00429071
0.0763035 0.00434015
0.0709667 0.0048399
0.0780977 0.00424292
0.0662501 0.00418467
0.0791469 0.00428752
0.0574213 0.00451684
0.0736819 0.00420184
0.0763125 0.00419662
0.0633159 0.00404606
0.0594969 0.0042369
0.0714799 0.00437315
0.0709318 0.00459762
0.0592797 0.00358907
0.0774433 0.00485903
0.0559861 0.00431533
0.0745268 0.00440684
0.0793542 0.00454831
0.0611655 0.00372506
0.0670715 0.00418545
0.0775397 0.00533886
0.0588762 0.00452525
0.0713058 0.00486054
0.0572604 0.00421649
0.0793027 0.00577134
0.0683667 0.00456258
0.086951 0.00493658
0.0728074 0.00393778
0.0637214 0.00422951
0.0522475 0.00475468
0.0706625 0.0044885
0.0592474 0.00376836
0.0697244 0.00432388
0.0814246 0.00458663
0.0734261 0.00429457
0.0566343 0.00455391
0.0700928 0.00496657
0.0710196 0.00500077
0.0662738 0.00442917
0.0662233 0.00378707
0.0621002 0.00374425
0.0741862 0.00465093
0.057972 0.00383655
0.065755 0.00440991
0.0757846 0.00489779
0.0647154 0.00443927
0.0640613 0.0042144
0.0640648 0.00539641
0.0579736 0.00392686
0.0493943 0.00447686
0.0633405 0.00344575
0.06504 0.00451636
0.0735762 0.00462111
0.0650378 0.00493047
0.0460849 0.00447378
0.0707969 0.00409026
0.0701997 0.00416604
0.0706277 0.00489082
0.0803489 0.00423628
0.0622083 0.00431798
0.0674828 0.00366813
0.0629382 0.00448772
0.0625023 0.00471325
0.0677946 0.00469399
0.0639458 0.00408422
0.064408 0.00365013
0.0802176 0.00521005
0.0715271 0.00376749
0.0763887 0.00455146
0.0849725 0.00492313
0.0626597 0.00466279
0.0659466 0.00469714
0.0705441 0.00519744
0.0631824 0.00439044
0.0704075 0.00429147
0.0668902 0.0044694
0.0728421 0.0041441
0.0646126 0.00488516
0.0712635 0.0043742
0.0817427 0.00399438
0.0684811 0.0044216
0.0657357 0.0037434
0.0503502 0.00405527
0.0607169 0.00402789
0.0726279 0.00405762
0.063372 0.0045149
0.0665142 0.00420107
0.0456872 0.00377223
0.0595115 0.00434218
0.072217 0.00392843
0.0564188 0.00466241
0.0732519 0.00479026
0.0781694 0.00596465
0.0499723 0.00459872
0.0714796 0.00420861
0.0531034 0.00338307
0.0640397 0.00436998
0.0699259 0.00437215
0.0727402 0.00413887
0.0830587 0.00414537
0.0651691 0.00429071
0.0763035 0.00434015
0.0709667 0.0048399
0.0780977 0.00424292
0.0662501 0.00418467
0.0791469 0.00428752
0.0574213 0.00451684
0.0736819 0.00420184
0.0763125 0.00419662
0.0633159 0.00404606
0.0594969 0.0042369
0.0714799 0.00437315
0.0709318 0.00459762
0.0592797 0.00358907
0.0774433 0.00485903
0.0559861 0.00431533
0.0745268 0.00440684
0.0793542 0.00454831
0.0611655 0.00372506
0.0670715 0.00418545
0.0775397 0.00533886
0.0588762 0.00452525
0.0713058 0.00486054
0.0572604 0.00421649
0.0793027 0.00577134
0.0683667 0.00456258
0.086951 0.00493658
0.0728074 0.00393778
0.0637214 0.00422951
0.0522475 0.00475468
0.0706625 0.0044885
0.0592474 0.00376836
0.0697244 0.00432388
0.0814246 0.00458663
0.0734261 0.00429457
0.0566343 0.00455391
0.0700928 0.00496657
0.0710196 0.00500077
0.0662738 0.00442917
0.0662233 0.00378707
0.0621002 0.00374425
0.0741862 0.00465093
0.057972 0.00383655
0.065755 0.00440991
0.0757846 0.00489779
0.0647154 0.00443927
0.0640613 0.0042144
0.0640648 0.00539641
0.0579736 0.00392686
0.0493943 0.00447686
0.0633405 0.00344575
0.06504 0.00451636
0.0735762 0.00462111
0.0650378 0.00493047
0.0460849 0.00447378
0.0707969 0.00409026
0.0701997 0.00416604
0.0706277 0.00489082
0.0803489 0.00423628
0.0622083 0.00431798
0.0674828 0.00366813
0.0629382 0.00448772
0.0625023 0.00471325
0.0677946 0.00469399
0.0639458 0.00408422
0.064408 0.00365013
0.0802176 0.00521005
0.0715271 0.00376749
0.0763887 0.00455146
0.0849725 0.00492313
0.0626597 0.00466279
0.0659466 0.00469714
0.0705441 0.00519744
0.0631824 0.00439044
0.0704075 0.00429147
0.0668902 0.0044694
0.0728421 0.0041441
0.0646126 0.00488516
0.0712635 0.0043742
0.0817427 0.00399438
0.0684811 0.0044216
0.0657357 0.0037434
0.0503502 0.00405527
0.0607169 0.00402789
0.0726279 0.00405762
0.063372 0.0045149
0.0665142 0.00420107
0.0456872 0.00377223
0.0595115 0.00434218
0.072217 0.00392843
0.0564188 0.00466241
0.0732519 0.00479026
0.0781694 0.00596465
0.0499723 0.00459872
0.0714796 0.00420861
0.0531034 0.00338307
0.0640397 0.00436998
0.0699259 0.00437215
0.0727402 0.00413887
0.0830587 0.00414537
