0.139409 0.00465596
0.13703 0.0047068
0.131839 0.00449352
0.140911 0.00541387
0.12583 0.00536198
0.132848 0.00502688
0.132359 0.00465222
0.126564 0.00411111
0.135916 0.00368624
0.131468 0.00510749
0.132644 0.00462509
0.139766 0.00420976
0.129682 0.00434399
0.128635 0.00402007
0.142293 0.0053355
0.140634 0.00460582
0.144653 0.00573541
0.148807 0.00450886
0.130942 0.00417317
0.143861 0.00404427
0.139514 0.00478376
0.129322 0.00467105
0.131059 0.00459368
0.1435 0.00449269
0.141828 0.00477172
0.123713 0.00431818
0.138902 0.00545784
0.151654 0.00539829
0.127346 0.00396886
0.132895 0.00393273
0.126062 0.00401019
0.123628 0.00454805
0.148108 0.00420538
0.133813 0.00449051
0.130546 0.00404462
0.129447 0.00486
0.131029 0.00479997
0.132268 0.00396981
0.128867 0.00418345
0.130637 0.004104
0.137765 0.00401495
0.142757 0.00456968
0.125236 0.00505176
0.143107 0.00445603
0.12906 0.00453293
0.140202 0.00482932
0.148753 0.00515051
0.145487 0.00466771
0.125055 0.00389566
0.132701 0.00462806
0.143882 0.00486566
0.139588 0.00444723
0.131834 0.00526775
0.145232 0.00501171
0.120778 0.00468204
0.127334 0.00357987
0.131049 0.00425715
0.148604 0.00419356
0.141877 0.00403098
0.138107 0.00454434
0.117819 0.00435103
0.132905 0.00470753
0.12205 0.00541772
0.143059 0.00461446
0.138964 0.00458426
0.119839 0.00403106
0.143086 0.0050386
0.13209 0.00356922
0.12128 0.00433071
0.140255 0.00439455
0.132913 0.00428975
0.132509 0.00547333
0.130806 0.00450817
0.135136 0.00437288
0.137169 0.00484708
0.126756 0.00468768
0.144172 0.0047629
0.152559 0.00450079
0.131992 0.00451219
0.118528 0.00411951
0.143697 0.00374069
0.137366 0.00426574
0.126312 0.00456649
0.133052 0.00437463
0.131751 0.00435568
0.130788 0.00368002
0.130771 0.00435866
0.135277 0.00403128
0.121692 0.00436365
0.140662 0.00479905
0.1295 0.00399242
0.142426 0.00511547
0.140252 0.00519068
0.127265 0.00458246
0.119966 0.00432895
0.11337 0.0043719
0.128585 0.00512462
0.147093 0.00677667
0.133231 0.00417449
0.139523 0.00455943
