0.139006 0.00448133
0.139903 0.00468552
0.134701 0.00449323
0.142362 0.00467674
0.129638 0.00435772
0.136823 0.00505731
0.13634 0.0044474
0.130471 0.00434311
0.139718 0.00409534
0.132368 0.00471699
0.134778 0.00479013
0.140147 0.00447685
0.132913 0.00449937
0.131725 0.00411583
0.14448 0.00557117
0.144358 0.00526938
0.153302 0.00480936
0.157905 0.00448348
0.133282 0.0044012
0.15095 0.00417534
0.141202 0.00463079
0.1378 0.00454973
0.137462 0.00427558
0.145115 0.00416272
0.145668 0.00444819
0.125144 0.00370357
0.144231 0.0043343
0.15781 0.00486949
0.133245 0.00401294
0.13796 0.00402803
0.130822 0.00402516
0.131523 0.00420047
0.15095 0.0040517
0.134992 0.00442991
0.136979 0.00402213
0.134088 0.0047555
0.137668 0.00441917
0.138921 0.00409885
0.135619 0.00432878
0.125311 0.00445431
0.140101 0.00374283
0.142501 0.00484561
0.130284 0.00571653
0.142944 0.00485344
0.137196 0.00447596
0.141129 0.00502596
0.153829 0.00556007
0.145501 0.00478982
0.129746 0.00407547
0.132357 0.00447923
0.144864 0.00485493
0.142703 0.00459248
0.136115 0.00480134
0.146933 0.00497461
0.123527 0.0044333
0.125056 0.00403335
0.133671 0.00454404
0.152405 0.0042038
0.145934 0.00423891
0.140039 0.00459761
0.117862 0.00455286
0.135314 0.00430391
0.133455 0.004414
0.135862 0.00432184
0.139504 0.00451645
0.121989 0.00422556
0.145594 0.00511243
0.140778 0.00365707
0.127127 0.00410004
0.138036 0.00437523
0.136238 0.00386097
0.136041 0.00440823
0.133258 0.00473203
0.132867 0.00444897
0.134638 0.00438575
0.12485 0.00480439
0.142564 0.00475128
0.15459 0.0041494
0.127669 0.00464746
0.114399 0.00395408
0.139141 0.0040453
0.139631 0.00435567
0.126946 0.00460554
0.131382 0.00452439
0.126097 0.00449641
0.126692 0.00397296
0.125991 0.00415002
0.13522 0.00432934
0.125472 0.00477241
0.135685 0.00482257
0.124736 0.00368251
0.139289 0.00460453
0.139179 0.00436874
0.123115 0.00429086
0.114922 0.00417804
0.114456 0.00420467
0.127566 0.00473726
0.144962 0.00714323
0.13137 0.00399839
0.143533 0.00438109
