0.01796 0.0132251
0.04021 0.0155631
0.0401427 0.014238
0.0497159 0.0128606
0.0296159 0.0138941
0.0938223 0.0126518
0.0298119 0.0144445
0.0497537 0.0125355
0.0510645 0.014655
0.0317327 0.0128127
0.0201014 0.0162774
0.0386923 0.0145725
0.0374372 0.0142441
0.0309167 0.0129936
0.0327432 0.0151106
0.0180402 0.0132818
0.0284794 0.0134555
0.0586889 0.0129196
0.0388407 0.0129574
0.0473939 0.01211
0.0553166 0.014222
0.0284413 0.0147527
0.0487034 0.0140236
0.0290817 0.013871
0.0685524 0.0209267
0.034268 0.0145885
0.0520713 0.0136474
0.0414418 0.0137472
0.0236566 0.0133878
0.0157086 0.0152266
0.0185046 0.0140836
0.0384663 0.0122076
0.0280163 0.0136222
0.0587505 0.0130702
0.0515631 0.0136029
0.0144604 0.0134833
0.0439876 0.0156698
0.0429264 0.0148493
0.0426144 0.0136026
0.0437219 0.012809
0.0327535 0.0113831
0.0282368 0.0142504
0.0223273 0.0113266
0.0521842 0.0125592
0.058802 0.0157453
0.0266316 0.0132942
0.0298442 0.0122852
0.0412516 0.015287
0.0304826 0.0117892
0.0300324 0.0136105
0.0349836 0.0108682
0.0551612 0.013433
0.0596084 0.0149631
0.0744363 0.0147038
-0.0082521 0.0145595
0.0349827 0.0125318
0.045391 0.0125232
0.0313278 0.0150026
0.0686525 0.0144256
0.0368507 0.0134766
0.0237422 0.0125693
0.0319271 0.0136869
0.0357162 0.014208
0.0342925 0.014866
0.028214 0.0130035
0.0428406 0.0117984
0.0509342 0.0151108
0.0602682 0.0113569
0.0300345 0.0151912
0.0562259 0.0148129
0.038182 0.0137692
0.031521 0.0152262
0.0554964 0.016845
0.0246359 0.0139553
0.0406221 0.0129413
0.0387302 0.0138218
0.0476083 0.0149067
0.0468437 0.0150431
0.0381196 0.0159493
0.0624091 0.0120071
0.0265932 0.0134931
0.0473814 0.0120392
0.0308893 0.0129728
0.0263638 0.0137104
0.0322163 0.0126906
0.0339799 0.0129884
0.0367577 0.012239
0.0123859 0.0123274
0.0325229 0.0128806
0.0491072 0.0117708
0.00220032 0.0135561
0.034665 0.0139055
0.0520755 0.014237
0.0387094 0.0154682
0.0499 0.0130798
0.00818902 0.012376
0.0402117 0.0138163
0.0497996 0.0137121
0.0483111 0.0128307
0.0705924 0.0134656
