0.0688202 0.013033
0.0579993 0.0145605
0.0719033 0.0139068
0.0874978 0.0168518
0.0671332 0.0154228
0.0830665 0.0160539
0.0851653 0.0143004
0.0776431 0.0121844
0.108462 0.0115591
0.0663924 0.0140789
0.0813219 0.0144599
0.0823499 0.0141076
0.0832962 0.0129621
0.0641983 0.012811
0.0733538 0.0167824
0.0940271 0.0154282
0.0926352 0.0157255
0.0901516 0.0128206
0.060265 0.0130856
0.100698 0.0135967
0.0650572 0.0145237
0.0517771 0.0145935
0.0746671 0.012769
0.092382 0.0128313
0.0765216 0.014386
0.0518097 0.0132416
0.0578869 0.0154113
0.119189 0.0147673
0.0645187 0.0128355
0.0723107 0.0132526
0.0549878 0.0144304
0.0666736 0.0135856
0.10639 0.0122571
0.0731217 0.0145417
0.0684543 0.0132019
0.0658441 0.0135628
0.0699121 0.0135401
0.070086 0.0115292
0.0957584 0.0135556
0.0638851 0.0132788
0.0754423 0.0123247
0.0796147 0.0154093
0.0955258 0.0176741
0.0947826 0.0136161
0.0775428 0.0140101
0.111042 0.0143628
0.101503 0.0162044
0.091653 0.0142793
0.0780922 0.0126064
0.0735661 0.0139752
0.0820038 0.0145654
0.0923656 0.0140837
0.0824586 0.0155197
0.106508 0.016166
0.0531243 0.0152288
0.0506573 0.0124739
0.0749226 0.0147796
0.127546 0.0124706
0.0875807 0.0121156
0.0753142 0.0130864
0.0394117 0.0132493
0.0752331 0.0137406
0.0606917 0.0148657
0.0850378 0.0146943
0.0946572 0.0141698
0.0626666 0.0142184
0.0763553 0.0151981
0.0887913 0.0126805
0.0584606 0.0134006
0.0796976 0.0130833
0.0898582 0.0112834
0.0699837 0.0121221
0.0817163 0.0152468
0.0702463 0.0140436
0.0996566 0.0136303
0.0594273 0.0151199
0.0928796 0.0144831
0.113576 0.0132865
0.075794 0.0142002
0.0513476 0.0130696
0.0731585 0.0123861
0.0911237 0.0129024
0.0800416 0.0124799
0.0749885 0.014791
0.0671052 0.0132392
0.072401 0.0116106
0.0800222 0.0129512
0.0660369 0.0140154
0.0562063 0.0139695
0.0919726 0.014208
0.0512364 0.0129622
0.0676479 0.0150492
0.0889819 0.0150744
0.0702052 0.0133724
0.045956 0.0132197
0.0622791 0.012644
0.0632595 0.0150455
0.115098 0.0181984
0.0701311 0.011398
0.0758773 0.0149218
