-0.0257231 0.0133498
-0.017549 0.0111809
0.00377441 0.0122842
-0.0110092 0.0121484
-0.000775822 0.0123476
0.0268144 0.0145599
-0.00289298 0.0134194
-0.0200165 0.0128516
-0.0172671 0.0138865
-0.0270173 0.0136315
-0.0357588 0.0125853
-0.00569326 0.0132456
-0.00507261 0.0127863
-0.00543767 0.0129086
0.00377959 0.0121781
0.00763793 0.0127865
0.00169545 0.0118697
0.0132616 0.0127119
0.00389475 0.0130212
0.00680651 0.0131483
0.0111749 0.014757
-0.00630093 0.0115815
-0.00166653 0.0152741
-0.021064 0.0139708
-0.0117369 0.0145397
-0.0216888 0.0133965
0.00155864 0.0142604
0.0133851 0.0124189
-0.011868 0.0120094
-0.00586417 0.0150717
-0.0266723 0.0120747
0.00387183 0.0133517
0.0399964 0.0126307
0.00576842 0.0118488
0.00765039 0.0145708
-0.018997 0.0135047
-0.00230096 0.0122662
0.00231728 0.0122957
0.00540154 0.0105544
-0.0142601 0.0120239
0.0146558 0.014023
-0.0131411 0.0138234
0.000389632 0.0128489
0.0372916 0.0126225
0.0185003 0.0124129
0.00358756 0.0128377
-0.00622223 0.0118181
0.00777256 0.0129817
0.0040343 0.0135163
-0.0194984 0.0125887
0.000121689 0.0121111
-0.00708464 0.0133232
0.0151876 0.0141047
0.0224385 0.0134016
-0.0184632 0.0133318
-0.00740223 0.0129774
0.00335598 0.0114428
0.00383368 0.013798
-0.00127204 0.0104972
-0.0114066 0.0118765
-0.0298362 0.0117988
0.0228225 0.0160031
-0.00968413 0.0116488
-0.0015303 0.0133122
0.0137147 0.0121962
-0.0344847 0.0143845
-0.0128485 0.0113983
0.01391 0.0115392
0.00516986 0.0141528
0.00993996 0.0145468
0.0185966 0.0138957
0.00463301 0.011787
-0.000495893 0.0144588
-0.0197919 0.0133119
-0.000755064 0.0113039
-0.0227783 0.0147249
-0.00440183 0.0121503
-0.00727591 0.0122842
-0.00753767 0.0132733
0.00922537 0.0139328
-0.0194722 0.0122876
-0.00544127 0.0132133
0.0216574 0.0127456
-0.00689986 0.0129571
-0.0149983 0.0140713
0.017775 0.0131845
-0.000942121 0.0136712
-0.0158761 0.0133524
-0.00959073 0.0154055
0.0100523 0.0136555
0.0107495 0.0135425
0.00522389 0.0133116
0.0129162 0.0135405
-0.0108696 0.0129205
0.00553351 0.0138372
-0.00706223 0.0118384
0.010085 0.0127099
-0.0262865 0.0117997
0.00689135 0.0117375
0.0104942 0.0144677
