0.0808401 0.0124573
0.0883983 0.0114691
0.0961779 0.0231906
0.102238 0.0138664
0.104199 0.01613
0.119216 0.012654
0.0857556 0.0142777
0.0864583 0.0142577
0.131908 0.0135104
0.133117 0.0152784
0.0594335 0.0153001
0.0874409 0.0135457
0.102498 0.0132469
0.0920041 0.0150151
0.0957687 0.014745
0.104787 0.0149259
0.0940534 0.0147113
0.114041 0.0141412
0.0938583 0.0127979
0.10486 0.0150746
0.0979102 0.0180923
0.134181 0.0149333
0.100779 0.0134452
0.0862225 0.0124897
0.088218 0.0162359
0.0714396 0.0138224
0.111496 0.0167806
0.107942 0.013299
0.0861768 0.0127222
0.118944 0.0162994
0.0872267 0.0184544
0.0968787 0.0164103
0.117136 0.0158096
0.101785 0.0135591
0.113644 0.0144617
0.0898153 0.0125766
0.0805493 0.0129178
0.0694577 0.013501
0.112219 0.0150614
0.105398 0.0130663
0.10162 0.0133346
0.096668 0.0153544
0.0902171 0.0141952
0.0949994 0.0165408
0.134274 0.0134387
0.114252 0.0124997
0.108331 0.0168684
0.0889752 0.0144186
0.0963374 0.0172062
0.110946 0.0143624
0.0935384 0.0133402
0.0902809 0.0158937
0.0905763 0.0140668
0.117441 0.0137296
0.0774987 0.0130106
0.097002 0.0139218
0.101189 0.0131402
0.12856 0.0147263
0.0998443 0.0152121
0.106679 0.0156923
0.0728464 0.0142309
0.121957 0.0131466
0.0841531 0.0131165
0.114188 0.0247236
0.107617 0.0140521
0.0513832 0.0126038
0.0863671 0.0133895
0.0923355 0.0154447
0.0959558 0.0162064
0.0891055 0.0121134
0.0952451 0.0151914
0.0994921 0.0143983
0.137278 0.0167442
0.104288 0.0149242
0.0995899 0.0189613
0.0969616 0.0136152
0.0996215 0.0137684
0.0867319 0.0149189
0.10039 0.011626
0.104035 0.0124053
0.0913499 0.0135724
0.093366 0.01301
0.110848 0.013557
0.104576 0.0114781
0.0827678 0.013404
0.0874453 0.0187125
0.110254 0.0139276
0.0834264 0.0156508
0.105728 0.0152741
0.115883 0.0136751
0.108315 0.013042
0.0871805 0.0127746
0.136771 0.0160563
0.101287 0.0189924
0.110358 0.0141874
0.102885 0.0163962
0.0912695 0.0125344
0.098491 0.0153374
0.0987495 0.0137946
0.113772 0.0119921
