10	-0.00296321 0.00182837
11	-0.00348912 0.00176798
12	-0.0033251 0.00165656
13	0.000796895 0.00155639
14	0.00229406 0.00201599
15	-0.00226554 0.00211474
16	-0.0010646 0.00184565
17	0.000726838 0.00258885
19	0.000770004 0.00225238
1	-0.00212474 0.001234
20	0.00425397 0.0023943
21	-2.20124e-05 0.00159859
22	-0.00192353 0.00167736
23	0.00372433 0.00206513
24	2.41889e-06 0.00160294
25	-0.00382787 0.00174004
26	-0.000489488 0.00179439
27	0.00276633 0.00248144
28	0.001892 0.00137066
29	0.00197463 0.002184
2	-0.00203756 0.00206311
31	-0.000608068 0.00263847
32	0.00297929 0.00164182
33	0.00314346 0.00207193
34	-0.000656415 0.00184248
36	-0.000541561 0.00106346
37	-0.000395599 0.00233937
38	0.00136652 0.00191168
39	0.00201997 0.00184877
3	0.00269645 0.00182109
40	-0.00358507 0.00187682
41	-0.000346323 0.00176149
42	0.00144848 0.00160066
43	-0.00255251 0.00173768
44	-0.00189535 0.00204978
45	-0.0010375 0.00176108
46	-0.00167995 0.00149483
47	-0.00238791 0.00181567
49	-0.00122045 0.00174783
4	0.00284564 0.00193217
50	0.0038247 0.00185873
51	-0.00014376 0.00209027
52	0.00034801 0.00154969
53	-0.00160919 0.00197606
55	0.00039881 0.00180322
56	0.000624984 0.00164709
5	0.00123812 0.00236276
6	-0.000985876 0.00198955
7	0.00138215 0.00185386
8	-0.00126337 0.00187352
