0	0.00234272 0.00210031
10	-0.00277294 0.00211705
11	-0.00285476 0.00209518
12	-0.00257001 0.0017656
13	0.00136482 0.00194302
14	0.00264117 0.00229855
15	-0.0017593 0.00234866
16	-0.000589199 0.00179275
17	0.00102358 0.0021732
18	-0.000130334 0.00214282
19	0.000968691 0.0020694
1	-0.00158148 0.0019867
20	0.00485475 0.00252687
21	0.000374309 0.00193027
22	-0.0015067 0.00186559
23	0.00482445 0.00220176
24	0.000816518 0.00202167
25	-0.00461965 0.00199755
26	-0.00127511 0.00226131
29	0.00241464 0.00230348
2	-0.00134399 0.00202476
30	0.000564391 0.00200689
31	-0.000869675 0.00272085
32	0.00339765 0.00234267
33	0.0028593 0.00204062
36	0.000346045 0.00184943
37	-0.00102726 0.00208175
38	0.0020953 0.00208038
39	0.00153477 0.00225723
3	0.00324284 0.00199986
40	-0.00313165 0.00206161
41	0.000223566 0.00210602
42	0.00218012 0.00194063
45	-0.000428397 0.00194665
46	-0.0018701 0.00206741
47	-0.00324881 0.00192402
48	0.00171119 0.00211447
49	-0.000618081 0.00200571
4	0.00341773 0.00201365
50	0.00332481 0.00205306
51	0.000789881 0.0023457
54	-0.00054257 0.00208731
55	-0.000329206 0.00217131
56	0.00107931 0.00196208
57	-0.000220533 0.00227129
58	-0.000876108 0.00207865
59	0.00189133 0.00224141
5	0.0018615 0.00204812
60	0.00202155 0.0019879
63	0.000771891 0.00259994
64	0.00186516 0.00208716
65	-0.000386285 0.00220481
66	0.00072886 0.00191546
67	-0.00145174 0.00202572
6	-0.000435772 0.0021632
70	0.000227054 0.00198027
71	0.00470105 0.00223386
72	0.000331561 0.00207294
73	-0.000313905 0.00208178
74	0.00133685 0.00207101
75	0.000263664 0.00216123
76	0.00364247 0.0020972
77	0.000489379 0.00210472
78	0.000401053 0.0022833
79	-0.00142904 0.00205582
7	0.00187433 0.00190714
80	-0.00366584 0.00188889
81	0.00272696 0.00219939
82	-0.00288173 0.00197221
83	0.000847325 0.0020563
84	0.000634119 0.00199505
85	-0.00023453 0.0020036
86	0.00122571 0.00232362
87	-0.00134751 0.00193797
88	0.00247179 0.00212954
89	0.000290022 0.00218269
8	-0.000362267 0.00219608
90	-0.000385826 0.00197056
91	0.00254889 0.00245922
92	0.0015907 0.00223337
93	-0.00112889 0.00172587
94	-0.00105081 0.00194801
95	-0.00185653 0.00203571
96	0.00354777 0.00228906
97	0.00236099 0.00200191
98	-9.26669e-05 0.0022506
99	-0.00168753 0.00193531
9	0.00153096 0.00218155
